0.0 60.29013061523438
8.0 60.09885911638574
16.0 59.920175682301576
24.0 59.766668377746356
32.0 59.65092526748457
40.0 59.58553441628068
48.0 59.58308301913956
56.0 59.65001888197035
64.0 59.771955903808326
72.0 59.93009284384386
80.0 60.105628461267315
88.0 60.27976151526904
96.0 60.4336969096206
104.0 60.55493284180892
112.0 60.649130342472056
120.0 60.72520763159396
128.0 60.79208292915859
136.0 60.8586744551499
144.0 60.933892885801235
152.0 61.024022098102634
160.0 61.12887547141281
168.0 61.24728784798729
176.0 61.378094070081595
184.0 61.52012897995128
192.0 61.672209855282986
200.0 61.83022706693353
208.0 61.98389433001585
216.0 62.12214181706844
224.0 62.233899700629806
232.0 62.30809815323845
240.0 62.33375972895328
248.0 62.308749754482406
256.0 62.24697602495879
264.0 62.16404083495836
272.0 62.07554647905699
280.0 61.99709525183059
288.0 61.94414251737614
296.0 61.92310715202717
304.0 61.92627310191724
312.0 61.94469327644212
320.0 61.969420584997614
328.0 61.991507936979495
336.0 62.00209291673909
344.0 61.995918551825696
352.0 61.972601491454206
360.0 61.93210393991416
368.0 61.87438810149511
376.0 61.79941618048659
384.0 61.70725117045678
392.0 61.60108771338104
400.0 61.4877843435933
408.0 61.3744076563422
416.0 61.268024246876344
424.0 61.17570071044438
432.0 61.10426321739912
440.0 61.05487288134551
448.0 61.02294956615717
456.0 61.003657471362565
464.0 60.99216079649019
472.0 60.98362374106853
480.0 60.973363388933734
488.0 60.959508830919496
496.0 60.94265793232318
504.0 60.92349243137364
512.0 60.9026940662997
520.0 60.8809445753302
