0.0 60.29013061523438
8.0 -55266.85591676953
16.0 -4993.395252743954
24.0 3531.397532450105
32.0 945.864978242939
40.0 -226.23686257576526
48.0 -102.7024153535271
56.0 80.67470230916706
64.0 92.48021445357426
72.0 59.49729919433594
80.0 52.50802145950289
88.0 58.66195141011098
96.0 62.29526811792382
104.0 61.32646456434562
112.0 59.94016261833522
120.0 60.03145866451668
128.0 60.749177553581575
136.0 61.062122530310596
144.0 60.90100860595703
152.0 60.78716573741914
160.0 60.883194142333465
168.0 61.1172380022101
176.0 61.326404491316055
184.0 61.47532579170117
192.0 61.62224863664753
200.0 61.79871851973426
208.0 61.96901017238417
216.0 62.0873087845232
224.0 62.16006640088728
232.0 62.239252332143835
240.0 62.36059446761088
248.0 62.49607659141788
256.0 62.56824034523746
264.0 62.51127460687949
272.0 62.324046185890666
280.0 62.073494908411995
288.0 61.852180616253705
296.0 61.72742430137346
304.0 61.71632969600804
312.0 61.79225850420276
320.0 61.90497002718126
328.0 61.997813093700564
336.0 62.02217092145231
344.0 61.9539909362793
352.0 61.829953241597494
360.0 61.71158177630064
368.0 61.67285297632869
376.0 61.718210822064165
384.0 61.7586346997563
392.0 61.67170762706411
400.0 61.42166380316845
408.0 61.12955382510691
416.0 60.99296188354492
424.0 61.093752186157786
432.0 61.28702022204549
440.0 61.34411233496812
448.0 61.23389607263103
456.0 61.15909611376016
464.0 61.16810566469749
472.0 60.90167362348267
480.0 60.337361895799845
488.0 60.89582777625984
496.0 63.78507367433939
504.0 64.33815655823203
512.0 52.644856804538584
520.0 39.60198639881511
528.0 87.64577177704857
536.0 210.13020370150664
544.0 28.896164403268166
552.0 -1051.1610301101643
560.0 -822.3221516407598
