0.0 60.29013061523438
8.0 60.14012105877314
16.0 59.994736697806935
24.0 59.8586027278308
32.0 59.73634434433977
40.0 59.6325867428289
48.0 59.551955118793195
56.0 59.49907466772771
64.0 59.47857058512748
72.0 59.49729919433594
80.0 59.55180055009029
88.0 59.645352761494884
96.0 59.770326259603806
104.0 59.92132225900988
112.0 60.092941974305916
120.0 60.279786620084764
128.0 60.47645741093923
136.0 60.677555561462164
144.0 60.90100860595703
152.0 61.071782659161975
160.0 61.25676781224578
168.0 61.43024647825305
176.0 61.58982821659839
184.0 61.73312258669642
192.0 61.85773914796175
200.0 61.961287459809
208.0 62.041377081652776
216.0 62.0956175729077
224.0 62.12226366142113
232.0 62.124004135205155
240.0 62.10539152908563
248.0 62.070984822864745
256.0 62.0253429963447
264.0 61.973025029327665
272.0 61.91858990161584
280.0 61.86659659301142
288.0 61.82160408331659
296.0 61.787650153144874
304.0 61.764438148598614
312.0 61.74952243659412
320.0 61.74044195181166
328.0 61.7347356289315
336.0 61.72994240263393
344.0 61.723601207599195
352.0 61.71325097850757
360.0 61.69643065003933
368.0 61.670940998010934
376.0 61.63724235335311
384.0 61.59734442783523
392.0 61.55327621161393
400.0 61.5070666948458
408.0 61.46074486768747
416.0 61.416339720295554
424.0 61.37588024282667
432.0 61.34139542543744
440.0 61.3147800858878
448.0 61.2962436683392
456.0 61.2848454961786
464.0 61.279622695264415
472.0 61.27961239145511
480.0 61.283851710609134
488.0 61.291377778584916
496.0 61.30122772124092
504.0 61.312438664435575
