0.0 60.29013061523438
8.0 60.26696888380548
16.0 60.24514931354815
24.0 60.2260140656339
32.0 60.210905301234305
40.0 60.20116518152091
48.0 60.19813586766527
56.0 60.20315952083892
64.0 60.21757830221344
72.0 60.24273437296035
80.0 60.27996989425122
88.0 60.33062702725758
96.0 60.39836883544922
104.0 60.4769658129722
112.0 60.57143586485477
120.0 60.676777345567494
128.0 60.790309490772664
136.0 60.909351536132554
144.0 61.031222717309475
152.0 61.153242269965695
160.0 61.27272942976349
168.0 61.38700343236517
176.0 61.493383513432995
184.0 61.589188908629275
192.0 61.67644500732422
200.0 61.73893115025049
208.0 61.79146180455079
216.0 61.830871637760175
224.0 61.85870164831934
232.0 61.876492834669016
240.0 61.885786195249956
248.0 61.88812272850288
256.0 61.88504343286849
264.0 61.87808930678756
272.0 61.86880134870079
280.0 61.85872055704892
288.0 61.84859848022461
296.0 61.84206688714327
304.0 61.83654343582992
312.0 61.832113993470045
320.0 61.82807465919526
328.0 61.82372153213713
336.0 61.81835071142724
344.0 61.8112582961972
352.0 61.80174038557858
360.0 61.789093078702976
368.0 61.77261247470197
376.0 61.75159467270716
384.0 61.72533577185012
392.0 61.693265860496275
400.0 61.65560061743102
408.0 61.61284114349717
416.0 61.56548894428859
424.0 61.514045525399126
432.0 61.45901239242261
440.0 61.40089105095289
448.0 61.34018300658384
456.0 61.27738976490927
464.0 61.213012831523045
472.0 61.14755371201902
480.0 61.08151391199101
