0.0 60.29013061523438
8.0 62.95206991557357
16.0 63.10931025206363
24.0 62.211117273588705
32.0 61.086104238126055
40.0 60.14998313217083
48.0 59.5583114780393
56.0 59.31565032279578
64.0 59.35074243267067
72.0 59.56571961845764
80.0 59.86593914503258
88.0 60.17581663601965
96.0 60.444952626512006
104.0 60.647928346019484
112.0 60.78036038345005
120.0 60.85314109851666
128.0 60.88624005168807
136.0 60.90298992945909
144.0 60.925417594695986
152.0 60.97089669411092
160.0 61.050182957130296
168.0 61.1667377227469
176.0 61.317140683183936
184.0 61.492331234752925
192.0 61.67939162616432
200.0 61.86358729135641
208.0 62.030403895850775
216.0 62.167360810538284
224.0 62.26543160205917
232.0 62.31995889157808
240.0 62.33100933039449
248.0 62.30317076768373
256.0 62.244844788560464
264.0 62.167131075021636
272.0 62.08243343317762
280.0 62.00293933216049
288.0 61.93913445742483
296.0 61.898510687672854
304.0 61.884610203770094
312.0 61.89652082281452
320.0 61.928899363612686
328.0 61.97255268345135
336.0 62.0155523220698
344.0 62.0448013385863
352.0 62.0479143718591
360.0 62.015218185018036
368.0 61.94163451094202
376.0 61.828174987131504
384.0 61.68276499519465
392.0 61.52012549108771
400.0 61.36048616598504
408.0 61.226986802470066
416.0 61.141754324492524
424.0 61.12082916970808
432.0 61.16836517646411
440.0 61.27085166149733
448.0 61.392514804639006
456.0 61.473558439357085
464.0 61.433513008277835
472.0 61.18268746601123
480.0 60.64557453232531
488.0 59.80105770127243
496.0 58.74542213014035
504.0 57.78549484958958
512.0 57.570747086100425
520.0 59.27489785265276
