0.0 60.29013061523438
8.0 60.324810654727074
16.0 60.31091644210086
24.0 60.206247027735074
32.0 60.02689261885512
40.0 59.81967814608177
48.0 59.617988011945336
56.0 59.44057089257669
64.0 59.34551122127496
72.0 59.49729919433594
80.0 59.92211226911394
88.0 60.391801908447796
96.0 60.53324564347232
104.0 60.41270341567637
112.0 60.35564449615013
120.0 60.488481991155595
128.0 60.68156488821488
136.0 60.82417373001918
144.0 60.90100860595703
152.0 60.908113706858025
160.0 60.932846426482975
168.0 61.063698579471016
176.0 61.283233106629524
184.0 61.49427439194388
192.0 61.65276588417168
200.0 61.79567436649255
208.0 61.948785733840644
216.0 62.08339391302859
224.0 62.16978049076045
232.0 62.24318341389165
240.0 62.36149431100819
248.0 62.500108209650186
256.0 62.56396827917514
264.0 62.49875572062772
272.0 62.32446134934396
280.0 62.08087434301364
288.0 61.853431265302966
296.0 61.72888099041543
304.0 61.717761034790755
312.0 61.79206712937524
320.0 61.90603239984292
328.0 61.99647489814904
336.0 62.01705557419009
344.0 61.9539909362793
352.0 61.8268506370462
360.0 61.707949350113616
368.0 61.689618064223104
376.0 61.736032701586154
384.0 61.74004724366948
392.0 61.64000660710989
400.0 61.42871607881501
408.0 61.155120243976974
416.0 60.99296188354492
424.0 61.08801119763155
432.0 61.28332489183296
440.0 61.35181071880108
448.0 61.261577699847365
456.0 61.11498191258326
464.0 60.99596068999471
472.0 60.959702227279145
480.0 61.0335501171991
488.0 61.17176310938696
496.0 61.31052707093189
504.0 61.35329338217186
512.0 61.20226828994345
520.0 60.94030652815261
528.0 60.792141150552446
536.0 60.84138990178631
544.0 60.93965921829238
552.0 60.96062996622494
560.0 60.92264412023533
