0.0 60.29013061523438
8.0 60.30226213484988
16.0 60.22230926249865
24.0 60.09023397685138
32.0 59.93745245467632
40.0 59.78794016888247
48.0 59.65925264215906
56.0 59.56346483246933
64.0 59.508032126654165
72.0 59.49729919433594
80.0 59.52959674683864
88.0 59.605117972003704
96.0 59.71926296345169
104.0 59.86676877825256
112.0 60.04143930463704
120.0 60.236540847546834
128.0 60.44514313234511
136.0 60.66040870294397
144.0 60.90100860595703
152.0 61.08544292967057
160.0 61.28394239647802
168.0 61.46683194771978
176.0 61.6304813344994
184.0 61.77217246834348
192.0 61.890110915424614
200.0 61.9834095952516
208.0 62.05204766008424
216.0 62.09680753132737
224.0 62.11919306916219
232.0 62.12133185166992
240.0 62.10586453970502
248.0 62.07582430377374
256.0 62.03450928917433
264.0 61.985351095655965
272.0 61.931782247851466
280.0 61.87710563274149
288.0 61.82436888040538
296.0 61.776246664315984
304.0 61.73493389743383
312.0 61.70205280035775
320.0 61.67857681778806
328.0 61.66477435955826
336.0 61.66017534249204
344.0 61.66356350934186
352.0 61.67299750106514
360.0 61.68586365869483
368.0 61.69896353106019
376.0 61.70863906461453
384.0 61.71093845162613
392.0 61.701825612988394
400.0 61.677436291906076
408.0 61.634383734713374
416.0 61.570116935080755
424.0 61.48333441786632
432.0 61.37445653886831
440.0 61.24615927673528
448.0 61.10397249328973
456.0 60.95694563852224
464.0 60.81838387651151
472.0 60.70665760852772
480.0 60.646088369574585
488.0 60.66791407462706
496.0 60.81133659082077
504.0 61.124654611849564
