0.0 60.29013061523438
18.11813631113715 60.29296493530273
36.2362726222743 59.91781997680664
54.35440893341145 59.47406768798828
72.4725452445486 59.49729919433594
90.59068155568576 60.48445892333984
108.7088178668229 60.35255432128906
126.82695417796003 60.65507125854492
144.9450904890972 60.90100860595703
163.06322680023436 60.96703338623047
181.1813631113715 61.42660140991211
199.29949942250863 61.78268432617188
217.4176357336458 62.10235214233398
235.53577204478296 62.28770446777344
253.6539083559201 62.55844116210938
271.77204466705723 62.3306884765625
289.8901809781944 61.81249237060547
308.0083172893316 61.74631881713867
326.1264536004687 61.9807014465332
344.24458991160583 61.9539909362793
362.362726222743 61.68986511230469
380.48086253388016 61.74987030029297
398.59899884501726 61.47380828857422
416.7171351561544 60.99296188354492
434.8352714672916 61.33098983764648
452.9534077784288 61.17098617553711
471.0715440895659 60.95797729492188
489.189680400703 61.19422912597656
507.3078167118402 61.31724548339844
525.4259530229773 60.8145637512207
543.5440893341145 60.9356803894043
561.6622256452516 60.91186141967773
