0.0 60.29013061523438
8.0 60.08720337768758
16.0 59.94349577009753
24.0 59.85170213085112
32.0 59.80502389170351
40.0 59.79715326137804
48.0 59.82225690916651
56.0 59.87495964852907
64.0 59.950328120694444
72.0 60.04385447825982
80.0 60.15144006879125
88.0 60.2693791184234
96.0 60.39836883544922
104.0 60.52336099397288
112.0 60.65380981740414
120.0 60.78339146216402
128.0 60.91011980123224
136.0 61.0323036877577
144.0 61.1485306386586
152.0 61.25765051822256
160.0 61.358759221706634
168.0 61.4511823589375
176.0 61.53445893791142
184.0 61.60832504839438
192.0 61.67644500732422
200.0 61.72765773340037
208.0 61.77343504870467
216.0 61.8103907442807
224.0 61.83900157274425
232.0 61.85984347008127
240.0 61.873575239247934
248.0 61.880922233770896
256.0 61.88266004134715
264.0 61.879598167444286
272.0 61.87256371890039
280.0 61.86238508752434
288.0 61.84859848022461
296.0 61.835817369964765
304.0 61.820944644653
312.0 61.80592782545269
320.0 61.79135698302728
328.0 61.777725574611274
336.0 61.76541412761052
344.0 61.754673923202105
352.0 61.74561067993456
360.0 61.7381682373279
368.0 61.732112239473665
376.0 61.72701381863507
384.0 61.72223327884703
392.0 61.71690377951626
400.0 61.70991501902133
408.0 61.69989691831283
416.0 61.68520330451338
424.0 61.66389559451768
432.0 61.63372647859259
440.0 61.592123603977385
448.0 61.536173258483615
456.0 61.462604054095266
464.0 61.367770610568854
472.0 61.24763723903355
480.0 61.09776162559111
