0.0 -4621.83349609375
260.0 -117074902.09497918
520.0 -205068765.3768766
780.0 -268887068.13201064
1040.0 -312759877.6790454
1300.0 -340325613.0107528
1560.0 -354701907.4093089
1820.0 -358548972.70708615
2080.0 -354126178.2343453
2340.0 -343342495.9284818
2600.0 -327801406.3756517
2860.0 -308840808.3541861
3120.0 -287568426.42624736
3380.0 -264893166.97395766
3640.0 -241552832.50969213
3900.0 -218138566.8445751
4160.0 -195116369.52338445
4420.0 -172845986.59991738
4680.0 -151597456.11485502
4940.0 -131565560.35422531
5200.0 -112882412.91676533
5460.0 -95628386.63708283
5720.0 -79841568.33213271
5980.0 -65525908.01407345
6240.0 -52658213.50415655
6500.0 -41194126.16037989
6760.0 -31073199.577040095
7020.0 -22223190.516831223
7280.0 -14563659.892227868
7540.0 -8008971.228339403
7800.0 -2470764.6259767353
8060.0 2140024.2799447286
8320.0 5911538.580448937
8580.0 8929712.748367643
8840.0 11277275.14986534
9100.0 13032997.531825347
9360.0 14271153.69815266
9620.0 15061154.16361018
9880.0 15467327.678268613
10140.0 15548824.191729814
10400.0 15359617.112813173
10660.0 14948585.653709348
10920.0 14359660.660278875
11180.0 13632019.652821552
11440.0 12800318.861775503
11700.0 11894951.865929771
11960.0 10942326.049991759
12220.0 9965149.515129626
12480.0 8982722.31961125
12740.0 8011227.014679281
13000.0 7064014.389517761
13260.0 6151881.163045351
13520.0 5283337.07289608
13780.0 4464859.425256048
14040.0 3701133.694285846
14300.0 2995279.2066299464
14560.0 2349059.3239611387
14820.0 1763075.8528079444
15080.0 1236947.6733916302
15340.0 769473.794457153
15600.0 358781.21508443425
15860.0 2458.1125346698163
16120.0 -302327.0179003413
16380.0 -558719.5650307857
16640.0 -770085.5828908769
16900.0 -939930.350543009
17160.0 -1071827.8895944362
17420.0 -1169360.6117760006
17680.0 -1236068.2738731026
17940.0 -1275405.43178885
18200.0 -1290706.607728497
18460.0 -1285158.4128402853
18720.0 -1261777.9007382467
18980.0 -1223396.4639612369
19240.0 -1172648.6245730186
19500.0 -1111965.1108686307
19760.0 -1043569.6537877088
20020.0 -969478.9785015341
20280.0 -891505.5082022407
20540.0 -811262.3379480862
20800.0 -730170.0761399356
21060.0 -649465.1895413941
21320.0 -570209.524481344
21580.0 -493300.7118251442
21840.0 -419483.1963404665
22100.0 -349359.6621486662
22360.0 -283402.6549794845
22620.0 -221966.22893108477
22880.0 -165297.4703849219
23140.0 -113547.77466141844
23400.0 -66783.77198037821
23660.0 -24997.81836703097
23920.0 11882.015605784325
24180.0 43982.50984595234
24440.0 71476.45130383183
24700.0 94574.40755390341
24960.0 113517.13207861637
25220.0 128568.60650867215
25480.0 140009.71692476474
25740.0 148132.55436072586
26000.0 153235.32377119092
26260.0 155617.84084821102
26520.0 155577.59210017778
26780.0 153406.33045827493
27040.0 149387.17626858418
27300.0 143792.19178347202
27560.0 136880.39611130653
27820.0 128896.18694864596
28080.0 120068.13524036351
28340.0 110608.1191278842
28600.0 100710.76410114029
28860.0 90553.15711083621
29120.0 80294.80347869222
29380.0 70077.7967210115
29640.0 60027.17283423246
29900.0 50251.4221460676
30160.0 40843.13347923981
30420.0 31879.747078110304
30680.0 23424.394486738576
30940.0 15526.805316828908
31200.0 8224.262586780067
31460.0 1542.5900312759395
31720.0 -4502.843539868903
31980.0 -9906.116126682493
32240.0 -14669.7523940049
32500.0 -18803.741725243068
32760.0 -22324.583282307918
33020.0 -25254.36553867895
33280.0 -27619.88649651551
33540.0 -29451.81962947522
33800.0 -30783.929511363483
34060.0 -31652.340097263157
34320.0 -32094.857717477367
34580.0 -32150.350024124004
34840.0 -31858.181393236624
35100.0 -31257.704629361793
35360.0 -30387.808241482093
35620.0 -29286.518055331428
35880.0 -27990.651494054768
36140.0 -26535.522492514363
36400.0 -24954.694706486378
36660.0 -23279.780431945917
36920.0 -21540.28245766192
37180.0 -19763.47593180775
37440.0 -17974.327226141515
37700.0 -16195.446725295149
37960.0 -14447.072449672969
38220.0 -12747.08143454097
38480.0 -11111.02583108871
38740.0 -9552.190764102746
39000.0 -8081.671071737446
39260.0 -6708.4641625139375
39520.0 -5439.576349969981
39780.0 -4280.140163429534
40040.0 -3233.5402814711083
40300.0 -2301.5458903220415
40560.0 -1484.4474303429972
40820.0 -781.1958578677954
41080.0 -189.54271505700063
41340.0 293.82053460059035
41600.0 673.1252844475548
41860.0 953.3918960039668
42120.0 1140.300207651387
42380.0 1240.0653548711514
42640.0 1259.3196725654589
42900.0 1205.0013133023072
43160.0 1084.2500861383512
43420.0 904.3108994921216
43680.0 672.4450786260801
43940.0 395.8497239193806
44200.0 81.58518033725683
44460.0 -263.4893985945391
44720.0 -632.7724875055906
44980.0 -1019.9687918169511
45240.0 -1419.1302432358193
45500.0 -1824.6896687376463
45760.0 -2231.487459566688
46020.0 -2634.7916052555497
46280.0 -3030.3114890641973
46540.0 -3414.205865945028
46800.0 -3783.085462576418
47060.0 -4134.010651586152
47320.0 -4464.484659251928
47580.0 -4772.442768158197
47840.0 -5056.237973948936
48100.0 -5314.6235488836455
48360.0 -5546.732954818987
48620.0 -5752.057534920389
48880.0 -5930.422397275669
49140.0 -6081.960885034565
49400.0 -6207.088007118242
49660.0 -6306.473181298036
49920.0 -6381.012617882231
50180.0 -6431.801647697547
50440.0 -6460.107272819348
50700.0 -6467.341192869659
50960.0 -6455.03353393579
51220.0 -6424.8074814988
51480.0 -6378.354993419175
51740.0 -6317.413744210376
52000.0 -6243.745427704724
52260.0 -6159.1155219398615
52520.0 -6065.274597801762
52780.0 -5963.9412317611395
53040.0 -5856.786563035303
53300.0 -5745.420516763208
53560.0 -5631.379697371287
53820.0 -5516.116940259552
54080.0 -5400.992495292361
54340.0 -5287.266802339219
54600.0 -5176.094807289774
54860.0 -5068.521756541329
55120.0 -4965.480398916328
55380.0 -4867.789516269409
55640.0 -4776.153697656686
55900.0 -4691.164266811361
56160.0 -4613.3012687460305
56420.0 -4542.936418524063
56680.0 -4480.336913543729
56940.0 -4425.670009991468
57200.0 -4379.008264372892
57460.0 -4340.335342147231
57720.0 -4309.552297398885
57980.0 -4286.484230101624
58240.0 -4270.887230788991
58500.0 -4262.455526268874
58760.0 -4260.828744327407
59020.0 -4265.599220094384
59280.0 -4276.3192718099435
59540.0 -4292.5083790790095
59800.0 -4313.660202254092
60060.0 -4339.2493872930545
60320.0 -4368.738106228831
60580.0 -4401.582289216908
60840.0 -4437.237509934175
61100.0 -4475.16449184444
61360.0 -4514.834208480503
61620.0 -4555.732556375063
61880.0 -4597.364584570536
62140.0 -4639.258269719096
62400.0 -4680.967830619488
62660.0 -4722.076580604535
62920.0 -4762.199320470047
63180.0 -4800.984278609659
63440.0 -4838.114608672875
63700.0 -4873.309458391786
63960.0 -4906.324626213757
64220.0 -4936.952825034934
64480.0 -4965.023574648238
64740.0 -4990.4027465055115
65000.0 -5012.991786049575
65260.0 -5032.726639206474
65520.0 -5049.576410650515
65780.0 -5063.54178217585
66040.0 -5074.6532199416415
66300.0 -5082.968999517219
66560.0 -5088.573077555792
66820.0 -5091.572838585537
67080.0 -5092.096744844286
67340.0 -5090.291916315518
67600.0 -5086.321667169044
67860.0 -5080.363023687561
68120.0 -5072.6042474900005
68380.0 -5063.242386463127
68640.0 -5052.4808743041895
68900.0 -5040.527197976775
69160.0 -5027.5906507089485
69420.0 -5013.880186435432
69680.0 -4999.602389819647
69940.0 -4984.959574205029
70200.0 -4970.148018053224
70460.0 -4955.356348644229
70720.0 -4940.764080054609
70980.0 -4926.540310707385
71240.0 -4912.842584112875
71500.0 -4899.815914804744
71760.0 -4887.5919799296835
72020.0 -4876.288475480818
72280.0 -4866.008634782369
72540.0 -4856.840905542384
72800.0 -4848.858780597274
73060.0 -4842.120776380817
73320.0 -4836.67055216459
73580.0 -4832.537162239108
73840.0 -4829.73543243651
74100.0 -4828.266451737163
74360.0 -4828.118169153667
74620.0 -4829.266085645418
74880.0 -4831.674030482974
75140.0 -4835.295011251588
75400.0 -4840.072126554006
75660.0 -4845.939530440082
75920.0 -4852.823437650537
76180.0 -4860.643158909276
76440.0 -4869.312155727887
76700.0 -4878.739104491542
76960.0 -4888.828959970977
77220.0 -4899.484008845422
77480.0 -4910.604904318504
77740.0 -4922.091673457741
78000.0 -4933.844689480945
78260.0 -4945.765601843328
78520.0 -4957.758217640734
78780.0 -4969.729328530111
79040.0 -4981.589478072498
79300.0 -4993.253665119239
79560.0 -5004.64197958321
79820.0 -5015.680167657702
80080.0 -5026.3001242603395
80340.0 -5036.440311182857
80600.0 -5046.046100114824
80860.0 -5055.070040375523
81120.0 -5063.472051828932
81380.0 -5071.219544068596
81640.0 -5078.287463537572
81900.0 -5084.658270791688
82160.0 -5090.321850618078
82420.0 -5095.275358183921
82680.0 -5099.523004809781
82940.0 -5103.075787337306
83200.0 -5105.951165389718
83460.0 -5108.172691106407
83720.0 -5109.769596168227
83980.0 -5110.776341118222
84240.0 -5111.232132124405
84500.0 -5111.180410426149
84760.0 -5110.668319756221
85020.0 -5109.746157036249
85280.0 -5108.4668116075845
85540.0 -5106.88519818209
85800.0 -5105.057688582171
86060.0 -5103.041547187073
86320.0 -5100.894374816672
86580.0 -5098.673565566308
86840.0 -5096.435780860314
87100.0 -5094.236444719571
87360.0 -5092.129263943742
87620.0 -5090.165776593525
87880.0 -5088.394931826747
88140.0 -5086.862703796054
88400.0 -5085.6117419595375
88660.0 -5084.6810597912345
88920.0 -5084.105763509217
89180.0 -5083.9168220681095
89440.0 -5084.1408792926
89700.0 -5084.800108662526
89960.0 -5085.912110899877
90220.0 -5087.489854157313
90480.0 -5089.541656267899
90740.0 -5092.0712081895435
91000.0 -5095.0776374668885
91260.0 -5098.5556102401515
91520.0 -5102.495470056266
91780.0 -5106.883411484154
92040.0 -5111.701686304345
92300.0 -5116.928839834945
92560.0 -5122.539974771396
92820.0 -5128.507039757928
93080.0 -5134.7991397743635
93340.0 -5141.382865313286
93600.0 -5148.222637239788
93860.0 -5155.281064169025
94120.0 -5162.519309165371
94380.0 -5169.897462560679
94640.0 -5177.374917707533
94900.0 -5184.910746525617
95160.0 -5192.464071764662
95420.0 -5199.994432994569
95680.0 -5207.462143441744
95940.0 -5214.828634918111
96200.0 -5222.056788235595
96460.0 -5229.111246661463
96720.0 -5235.958710147897
96980.0 -5242.568208260939
97240.0 -5248.911349937234
97500.0 -5254.962548410887
97760.0 -5260.699219874753
98020.0 -5266.101954669289
98280.0 -5271.154660025777
98540.0 -5275.844673627342
98800.0 -5280.162847489205
99060.0 -5284.103601897295
99320.0 -5287.664949379478
99580.0 -5290.8484889155725
99840.0 -5293.659370818341
100100.0 -5296.106232936905
100360.0 -5298.201109045051
100620.0 -5299.959310477904
100880.0 -5301.399282270623
101140.0 -5302.542435230704
101400.0 -5303.412955540073
101660.0 -5304.037593633655
101920.0 -5304.445434236365
102180.0 -5304.667649560106
102440.0 -5304.737237765461
102700.0 -5304.688748879052
102960.0 -5304.5580004265685
103220.0 -5304.381785092889
103480.0 -5304.197572754915
103740.0 -5304.043209248712
104000.0 -5303.956614231836
104260.0 -5303.975480483088
104520.0 -5304.136976946903
104780.0 -5304.477457778142
105040.0 -5305.0321795753325
105300.0 -5305.835028908316
105560.0 -5306.918262149151
105820.0 -5308.312259504712
106080.0 -5310.04529502664
106340.0 -5312.143324239565
106600.0 -5314.62979088362
106860.0 -5317.525454112749
107120.0 -5320.848237327866
107380.0 -5324.6130996541115
107640.0 -5328.831930896387
107900.0 -5333.513470627628
108160.0 -5338.663251881065
108420.0 -5344.283569733662
108680.0 -5350.373474881869
108940.0 -5356.92879212709
109200.0 -5363.942163505183
109460.0 -5371.403115615427
109720.0 -5379.29815052949
109980.0 -5387.6108594919
110240.0 -5396.3220584610035
110500.0 -5405.409944385158
110760.0 -5414.850270962933
111020.0 -5424.6165425003965
111280.0 -5434.680224353092
111540.0 -5445.010968326707
111800.0 -5455.57685130847
112060.0 -5466.344625312458
112320.0 -5477.279977046355
112580.0 -5488.347795045029
112840.0 -5499.512442368648
113100.0 -5510.738032829142
113360.0 -5521.988708689995
113620.0 -5533.228917779396
113880.0 -5544.423687966937
114140.0 -5555.53889697796
114400.0 -5566.541535558252
114660.0 -5577.399962053648
114920.0 -5588.084146534695
115180.0 -5598.565902675022
115440.0 -5608.8191056824635
115700.0 -5618.819894684686
115960.0 -5628.54685808404
116220.0 -5637.981200519906
116480.0 -5647.106890209469
116740.0 -5655.9107855786715
117000.0 -5664.382740243742
117260.0 -5672.515685558137
117520.0 -5680.30569009997
117780.0 -5687.751995638982
118040.0 -5694.857029289759
118300.0 -5701.62639172672
118560.0 -5708.068821507082
118820.0 -5714.196135717203
119080.0 -5720.023147326531
119340.0 -5725.56755979883
119600.0 -5730.849839672488
119860.0 -5735.893067979044
120120.0 -5740.722771520339
120380.0 -5745.366735169529
120640.0 -5749.85479649754
120900.0 -5754.2186241550335
121160.0 -5758.491481557985
121420.0 -5762.707977533128
121680.0 -5766.903805676383
121940.0 -5771.115474262393
122200.0 -5775.380028615966
122460.0 -5779.734767916109
122720.0 -5784.216958449571
122980.0 -5788.863545363898
123240.0 -5793.710864988612
123500.0 -5798.794359798258
123760.0 -5804.148298081499
124020.0 -5809.805500357157
124280.0 -5815.797074540651
124540.0 -5822.1521618130255
124800.0 -5828.897695080084
125060.0 -5836.058171831148
125320.0 -5843.655443116629
125580.0 -5851.7085202607195
125840.0 -5860.233400811607
126100.0 -5869.242915106496
126360.0 -5878.746594693895
126620.0 -5888.750563711669
126880.0 -5899.257454166741
127140.0 -5910.26634590303
127400.0 -5921.772731878108
127660.0 -5933.768509198137
127920.0 -5946.2419961852365
128180.0 -5959.177975573707
128440.0 -5972.5577637508395
128700.0 -5986.359305778323
128960.0 -6000.557295749361
129220.0 -6015.123321858923
129480.0 -6030.02603538871
129740.0 -6045.231342637486
130000.0 -6060.702618661115
130260.0 -6076.400941527221
130520.0 -6092.285345637121
130780.0 -6108.313092524184
131040.0 -6124.43995740371
131300.0 -6140.6205296258295
131560.0 -6156.808525071154
131820.0 -6172.957108428546
132080.0 -6189.019223208138
132340.0 -6204.947927269111
132600.0 -6220.696731583169
132860.0 -6236.2199399104575
133120.0 -6251.472987035942
133380.0 -6266.41277320089
133640.0 -6280.997992366669
133900.0 -6295.189451966471
134160.0 -6308.950381834933
134420.0 -6322.246730055918
134680.0 -6335.047443534501
134940.0 -6347.324731180864
135200.0 -6359.054307689891
135460.0 -6370.215616011429
135720.0 -6380.792026731166
135980.0 -6390.771012720152
136240.0 -6400.144297562146
136500.0 -6408.907976430097
136760.0 -6417.06260825672
137020.0 -6424.613278226803
137280.0 -6431.569629810709
137540.0 -6437.9458657574705
137800.0 -6443.76071767138
138060.0 -6449.0373840059765
138320.0 -6453.803436523532
138580.0 -6458.090695484091
138840.0 -6461.935074045126
139100.0 -6465.3763925694775
139360.0 -6468.458163753317
139620.0 -6471.227349697261
139880.0 -6473.734092249348
140140.0 -6476.031418148684
140400.0 -6478.17492069019
140660.0 -6480.222419813944
140920.0 -6482.2336026947905
141180.0 -6484.269647068626
141440.0 -6486.392829679213
141700.0 -6488.666122362912
141960.0 -6491.152778406896
142220.0 -6493.915911918222
142480.0 -6497.018073026049
142740.0 -6500.520821805761
143000.0 -6504.484303862128
143260.0 -6508.966830536932
143520.0 -6514.024466715653
143780.0 -6519.710629196384
144040.0 -6526.075698552523
144300.0 -6533.1666473683645
144560.0 -6541.0266876542955
144820.0 -6549.6949401548
145080.0 -6559.206128149834
145340.0 -6569.590298216944
145600.0 -6580.872570270009
145860.0 -6593.072919020218
146120.0 -6606.205988817378
146380.0 -6620.2809436254165
146640.0 -6635.301353666337
146900.0 -6651.265120033287
147160.0 -6668.1644383264575
147420.0 -6685.985802107667
147680.0 -6704.710046701496
147940.0 -6724.312433594615
148200.0 -6744.7627754023515
148460.0 -6766.0256010841595
148720.0 -6788.060360799629
148980.0 -6810.821669505779
149240.0 -6834.259588106239
149500.0 -6858.319940676767
149760.0 -6882.9446660095555
150020.0 -6908.072201444921
150280.0 -6933.637896693824
150540.0 -6959.574455100996
150800.0 -6985.812399558159
151060.0 -7012.280560051621
151320.0 -7038.906579620552
151580.0 -7065.61743531291
151840.0 -7092.339970558031
152100.0 -7119.001435228047
152360.0 -7145.53002953841
152620.0 -7171.855447840286
152880.0 -7197.909418286571
153140.0 -7223.626234310296
153400.0 -7248.943273838598
153660.0 -7273.8015021801
153920.0 -7298.145954567003
154180.0 -7321.926194407406
154440.0 -7345.096743407445
154700.0 -7367.617479857316
154960.0 -7389.454001539942
155220.0 -7410.577949914636
155480.0 -7430.967292451616
155740.0 -7450.606560243647
156000.0 -7469.487038299204
156260.0 -7487.606906224781
156520.0 -7504.971327331499
156780.0 -7521.592484550539
157040.0 -7537.48956191226
157300.0 -7552.688670731607
157560.0 -7567.2227200465
157820.0 -7581.131231272915
158080.0 -7594.460097468215
158340.0 -7607.261288029524
158600.0 -7619.592500094289
158860.0 -7631.51675835178
159120.0 -7643.101965414531
159380.0 -7654.420405333956
159640.0 -7665.548203271342
159900.0 -7676.564744750704
160160.0 -7687.552058320167
160420.0 -7698.594165830082
160680.0 -7709.776404895644
160940.0 -7721.184728446214
161200.0 -7732.904986568832
161460.0 -7745.022196127485
161720.0 -7757.619803878433
161980.0 -7770.778949002984
162240.0 -7784.57773113962
162500.0 -7799.0904901150925
162760.0 -7814.387103645741
163020.0 -7830.532309305539
163280.0 -7847.585057032523
163540.0 -7865.597898370249
163800.0 -7884.616418514138
164060.0 -7904.678717052921
164320.0 -7925.814943063039
164580.0 -7948.046889928278
164840.0 -7971.38765491854
165100.0 -7995.841368171558
165360.0 -8021.402995280168
165620.0 -8048.058217197432
165880.0 -8075.7833906347205
166140.0 -8104.545591545291
166400.0 -8134.302743662308
166660.0 -8165.003833397528
166920.0 -8196.58921171006
167180.0 -8228.990982826594
167440.0 -8262.133478941269
167700.0 -8295.933819248874
167960.0 -8330.30255087475
168220.0 -8365.144368465202
168480.0 -8400.358908398379
168740.0 -8435.841612774171
169000.0 -8471.484657549654
169260.0 -8507.177938410165
169520.0 -8542.810107212379
169780.0 -8578.269651112345
170040.0 -8613.44600580454
170300.0 -8648.230693656282
170560.0 -8682.5184769306
170820.0 -8716.208515759221
171080.0 -8749.20552006102
171340.0 -8781.420884207415
171600.0 -8812.773792922331
171860.0 -8843.192286674943
172120.0 -8872.61427468631
172380.0 -8900.988483629908
172640.0 -8928.275330167953
172900.0 -8954.44770563234
173160.0 -8979.49166143714
173420.0 -9003.406984200088
173680.0 -9026.207650057237
173940.0 -9047.922148278178
174200.0 -9068.593665030869
174460.0 -9088.280119003844
174720.0 -9107.054041569094
174980.0 -9125.002295258482
175240.0 -9142.22562552708
175500.0 -9158.838042084231
175760.0 -9174.966027481738
176020.0 -9190.74757215166
176280.0 -9206.331036677011
176540.0 -9221.873843746695
176800.0 -9237.541003983637
177060.0 -9253.50348162836
177320.0 -9269.936407900002
177580.0 -9287.017151726835
177840.0 -9304.9232594271
178100.0 -9323.830276810402
178360.0 -9343.909469046339
178620.0 -9365.3254554912
178880.0 -9388.23377845921
179140.0 -9412.778426652203
179400.0 -9439.089335602242
179660.0 -9467.279889016216
179920.0 -9497.444446318763
180180.0 -9529.655922951237
180440.0 -9563.963451079191
180700.0 -9600.390149268147
180960.0 -9638.931030388723
181220.0 -9679.551077488117
181480.0 -9722.183517594973
181740.0 -9766.728323393983
182000.0 -9813.050972395966
182260.0 -9860.981492624072
182520.0 -9910.313822923488
182780.0 -9960.80551476732
183040.0 -10012.177800865646
183300.0 -10064.116053978862
183560.0 -10116.270657085113
183820.0 -10168.258303451077
184080.0 -10219.663742204606
184340.0 -10270.041981709095
184600.0 -10318.920959399738
184860.0 -10365.804682766764
185120.0 -10410.17684187558
185380.0 -10451.504889213591
185640.0 -10489.244577766103
185900.0 -10522.844943076501
186160.0 -10551.753709662702
186420.0 -10575.423096577413
186680.0 -10593.315991148847
186940.0 -10604.912454059877
187200.0 -10609.716512966039
187460.0 -10607.263195857839
187720.0 -10597.1257493997
187980.0 -10578.922981578557
188240.0 -10552.326662230847
188500.0 -10517.0689094516
188760.0 -10472.949484589106
189020.0 -10419.842913564631
189280.0 -10357.705347698295
189540.0 -10286.581073148707
189800.0 -10206.608574555237
190060.0 -10118.02605559233
190320.0 -10021.176316977311
190580.0 -9916.510891098154
190840.0 -9804.59333192239
191100.0 -9686.10155928901
191360.0 -9561.82915814558
191620.0 -9432.685535844572
191880.0 -9299.694844323363
192140.0 -9163.993578923912
192400.0 -9026.826771817061
192660.0 -8889.542705535852
192920.0 -8753.586081030136
193180.0 -8620.489584968469
193440.0 -8491.863812757114
193700.0 -8369.385516928245
193960.0 -8254.784165177405
194220.0 -8149.826808387201
194480.0 -8056.301276432311
194740.0 -7975.997738388902
195000.0 -7910.688683889508
195260.0 -7862.107403725165
195520.0 -7831.925070277842
195780.0 -7821.726541878495
196040.0 -7832.985039571327
196300.0 -7867.035869898273
196560.0 -7925.0493929915765
196820.0 -8008.003461303038
197080.0 -8116.655580474484
197340.0 -8251.515069920517
197600.0 -8412.815526396553
197860.0 -8600.487918862178
198120.0 -8814.134667019147
198380.0 -9053.005078673357
198640.0 -9315.972542184427
198900.0 -9601.513889358857
199160.0 -9907.691360817698
199420.0 -10232.137619726927
199680.0 -10572.044270393624
199940.0 -10924.154345172637
200200.0 -11284.759225955584
200460.0 -11649.700464780808
200720.0 -12014.37696135348
200980.0 -12373.757943057124
201240.0 -12722.40217492651
201500.0 -13054.483802600847
201760.0 -13363.825200070662
202020.0 -13643.937155685471
202280.0 -13888.066684002313
202540.0 -14089.252697352556
202800.0 -14240.389709106132
203060.0 -14334.299670361934
203320.0 -14363.81196294167
203580.0 -14321.851483990184
203840.0 -14201.534661172052
204100.0 -13996.273132378123
204360.0 -13699.884710166449
204620.0 -13306.711129074729
204880.0 -12811.741943748879
205140.0 -12210.743808030884
205400.0 -11500.394220251743
205660.0 -10678.418668743403
205920.0 -9743.729954823131
206180.0 -8696.568309284603
206440.0 -7538.640753862626
206700.0 -6273.2579926372055
206960.0 -4905.466951397524
207220.0 -3442.1769173411576
207480.0 -1892.2770690392283
207740.0 -266.74302950438806
208000.0 1421.2700742926115
208260.0 3156.3507013578983
208520.0 4920.772918377448
208780.0 6694.460245974169
209040.0 8454.974313868466
209300.0 10177.53137842547
209560.0 11835.049799377439
209820.0 13398.231586230017
210080.0 14835.681105040047
210340.0 16114.063979097724
210600.0 17198.30911798689
210860.0 18051.856664920473
211120.0 18636.95445707617
211380.0 18915.005344217756
211640.0 18846.9674024292
211900.0 18393.808708163026
212160.0 17517.01789877445
212420.0 16179.171235353651
212680.0 14344.55629799299
212940.0 11979.85177937047
213200.0 9054.862096299461
213460.0 5543.304708331132
213720.0 1423.6471151017902
213980.0 -3320.010501120786
214240.0 -8697.012115393596
214500.0 -14709.18849292846
214760.0 -21349.87319516979
215020.0 -28602.900894536582
215280.0 -36441.598369664614
215540.0 -44827.780065673665
215800.0 -53710.76168627603
216060.0 -63026.40692807878
216320.0 -72696.22416170454
216580.0 -82626.53159686738
216840.0 -92707.71122480718
217100.0 -102813.57359339888
217360.0 -112800.857219139
217620.0 -122508.88815162308
217880.0 -131759.42685534933
218140.0 -140356.7311310438
218400.0 -148087.865231141
218660.0 -154723.28659573718
218920.0 -160017.7427058699
219180.0 -163711.51137608284
219440.0 -165532.01833960932
219700.0 -165195.86616462836
219960.0 -162411.3083219931
220220.0 -156881.20154230128
220480.0 -148306.468386544
220740.0 -136390.10014132777
221000.0 -120841.727659883
221260.0 -101382.78452699064
221520.0 -77752.28284515528
221780.0 -49713.21693487724
222040.0 -17059.604223624287
222300.0 20375.834527026575
222560.0 62713.36183409106
222820.0 110017.2927495455
223080.0 162286.4735870771
223340.0 219444.2094613572
223600.0 281327.6940877196
223860.0 347677.0110751384
224120.0 418123.7935017968
224380.0 492179.6479654858
224640.0 569224.4706291262
224900.0 648494.806086692
225160.0 729072.4252126693
225420.0 809873.3255445822
225680.0 889637.387201037
225940.0 966918.9488297664
226200.0 1040078.6015607264
226460.0 1107276.5343293664
226720.0 1166467.8010972945
226980.0 1215399.9192602313
227240.0 1251613.2486616776
227500.0 1272444.6418302876
227760.0 1275034.8979526977
228020.0 1256340.5952370155
228280.0 1213150.9181565025
228540.0 1142110.13694219
228800.0 1039746.4358335717
229060.0 902507.8230912903
229320.0 726805.8885637678
229580.0 509068.2024394857
229840.0 245800.1703003842
230100.0 -66342.82692699111
230360.0 -430472.1759036739
230620.0 -849370.8328449074
230880.0 -1325385.383445686
231140.0 -1860304.599601629
231400.0 -2455223.7918975805
231660.0 -3110394.340667341
231920.0 -3825057.89985838
232180.0 -4597264.911330979
232440.0 -5423677.247474598
232700.0 -6299355.022582166
232960.0 -7217527.884369297
233220.0 -8169351.423104335
233480.0 -9143649.724525074
233740.0 -10126645.552396959
234000.0 -11101680.186352067
234260.0 -12048925.570794154
234520.0 -12945092.162265265
234780.0 -13763136.708251989
235040.0 -14471975.163440017
235300.0 -15036207.064969124
235560.0 -15415858.962730767
235820.0 -15566155.952183565
236080.0 -15437332.005384682
236340.0 -14974491.662552485
236600.0 -14117537.755233252
236860.0 -12801182.208889507
237120.0 -10955059.645796558
237380.0 -8503966.50931026
237640.0 -5368251.791605566
237900.0 -1464389.2053818114
238160.0 3294235.164223965
238420.0 8996281.01482133
238680.0 15731113.872133154
238940.0 23587117.32533942
239200.0 32649601.334334724
239460.0 42998243.3781846
239720.0 54703991.34123751
239980.0 67825348.32966042
240240.0 82403950.00008534
240500.0 98459334.38069586
240760.0 115982792.48394823
241020.0 134930175.15227687
241280.0 155213517.439719
241540.0 176691326.2993612
241800.0 199157360.29908332
242060.0 222327711.3927598
242320.0 245825978.29213527
242580.0 269166298.561361
242840.0 291733982.029424
243100.0 312763461.3086645
243360.0 331313245.92982316
243620.0 346237534.65344924
243880.0 356154105.672242
244140.0 359408066.4482472
244400.0 354031003.57296455
244660.0 337695028.03600144
244920.0 307661162.33760256
245180.0 260721462.68029988
245440.0 193134211.6828088
245700.0 100551454.32315361
