0.0 -4621.83349609375
260.0 -4623.11039863949
520.0 -4624.3872174615535
780.0 -4625.663868836264
1040.0 -4626.940269039944
1300.0 -4628.216334348917
1560.0 -4629.491981039508
1820.0 -4630.767125388039
2080.0 -4632.041683670833
2340.0 -4633.315572164213
2600.0 -4634.588707144505
2860.0 -4635.861004888029
3120.0 -4637.132381671111
3380.0 -4638.402753770072
3640.0 -4639.672037461238
3900.0 -4640.94014902093
4160.0 -4642.207004725473
4420.0 -4643.47252085119
4680.0 -4644.736613674403
4940.0 -4645.999199471437
5200.0 -4647.260194518614
5460.0 -4648.519515092259
5720.0 -4649.777077468694
5980.0 -4651.032797924243
6240.0 -4652.2865927352295
6500.0 -4653.538378177976
6760.0 -4654.788070528806
7020.0 -4656.035586064045
7280.0 -4657.280841060013
7540.0 -4658.523751793035
7800.0 -4659.764234539435
8060.0 -4661.002205575535
8320.0 -4662.23758117766
8580.0 -4663.470277622132
8840.0 -4664.700211185274
9100.0 -4665.9272981434115
9360.0 -4667.151454772866
9620.0 -4668.37259734996
9880.0 -4669.59064215102
10140.0 -4670.805505452366
10400.0 -4672.017103530324
10660.0 -4673.225352661215
10920.0 -4674.430169121365
11180.0 -4675.631469187095
11440.0 -4676.829169134729
11700.0 -4678.023185240591
11960.0 -4679.213433781005
12220.0 -4680.399831032292
12480.0 -4681.582293270777
12740.0 -4682.760736772783
13000.0 -4683.9350778146345
13260.0 -4685.105232672653
13520.0 -4686.271117623162
13780.0 -4687.432648942487
14040.0 -4688.589742906948
14300.0 -4689.7423157928715
14560.0 -4690.89028387658
14820.0 -4692.033563434396
15080.0 -4693.172070742642
15340.0 -4694.305722077644
15600.0 -4695.434433715724
15860.0 -4696.558121933204
16120.0 -4697.67670300641
16380.0 -4698.790093211664
16640.0 -4699.898208825289
16900.0 -4701.000966123607
17160.0 -4702.098281382945
17420.0 -4703.190070879625
17680.0 -4704.276250889969
17940.0 -4705.356737690301
18200.0 -4706.431447556945
18460.0 -4707.500296766224
18720.0 -4708.563201594461
18980.0 -4709.620078317979
19240.0 -4710.670843213104
19500.0 -4711.715412556156
19760.0 -4712.753702623459
20020.0 -4713.785629691338
20280.0 -4714.811110036115
20540.0 -4715.830059934114
20800.0 -4716.842395661657
21060.0 -4717.84803349507
21320.0 -4718.846889710674
21580.0 -4719.838880584793
21840.0 -4720.823922393751
22100.0 -4721.80193141387
22360.0 -4722.772823921476
22620.0 -4723.736516192889
22880.0 -4724.692924504434
23140.0 -4725.641965132435
23400.0 -4726.583554353215
23660.0 -4727.517608443096
23920.0 -4728.4440436784025
24180.0 -4729.362776335458
24440.0 -4730.273722690586
24700.0 -4731.176799020109
24960.0 -4732.07192160035
25220.0 -4732.959006707634
25480.0 -4733.837970618283
25740.0 -4734.708729608622
26000.0 -4735.571199954972
26260.0 -4736.425297933658
26520.0 -4737.270939821003
26780.0 -4738.108041893331
27040.0 -4738.936520426963
27300.0 -4739.756291698225
27560.0 -4740.567271983439
27820.0 -4741.369377558929
28080.0 -4742.162524701018
28340.0 -4742.946629686028
28600.0 -4743.721608790285
28860.0 -4744.487378290111
29120.0 -4745.24385446183
29380.0 -4745.990953581765
29640.0 -4746.728591926239
29900.0 -4747.4566857715745
30160.0 -4748.175151394097
30420.0 -4748.883905070128
30680.0 -4749.5828630759925
30940.0 -4750.271941688012
31200.0 -4750.951057182511
31460.0 -4751.620125835813
31720.0 -4752.279063924241
31980.0 -4752.927840975744
32240.0 -4753.566669387109
32500.0 -4754.195830755757
32760.0 -4754.815606684186
33020.0 -4755.426278774894
33280.0 -4756.028128630375
33540.0 -4756.6214378531295
33800.0 -4757.206488045653
34060.0 -4757.783560810442
34320.0 -4758.352937749995
34580.0 -4758.914900466809
34840.0 -4759.469730563381
35100.0 -4760.017709642208
35360.0 -4760.559119305785
35620.0 -4761.094241156614
35880.0 -4761.6233567971885
36140.0 -4762.146747830006
36400.0 -4762.664695857564
36660.0 -4763.17748248236
36920.0 -4763.685389306891
37180.0 -4764.188697933653
37440.0 -4764.687689965145
37700.0 -4765.182647003864
37960.0 -4765.673850652305
38220.0 -4766.161582512967
38480.0 -4766.646124188347
38740.0 -4767.127757280941
39000.0 -4767.606763393247
39260.0 -4768.083424127764
39520.0 -4768.558021086986
39780.0 -4769.03083587341
40040.0 -4769.5021500895355
40300.0 -4769.972245337859
40560.0 -4770.441403220877
40820.0 -4770.909905341086
41080.0 -4771.378033300985
41340.0 -4771.84606870307
41600.0 -4772.314293149839
41860.0 -4772.782988243786
42120.0 -4773.252435587413
42380.0 -4773.722916783214
42640.0 -4774.194713433686
42900.0 -4774.668107141327
43160.0 -4775.143379508636
43420.0 -4775.620812138106
43680.0 -4776.100686632237
43940.0 -4776.5832845935265
44200.0 -4777.068887624469
44460.0 -4777.557777327564
44720.0 -4778.050235305307
44980.0 -4778.546543160198
45240.0 -4779.04698249473
45500.0 -4779.551834911404
45760.0 -4780.061382012715
46020.0 -4780.57590540116
46280.0 -4781.095686679236
46540.0 -4781.621007449442
46800.0 -4782.152149314274
47060.0 -4782.689393876229
47320.0 -4783.233022737803
47580.0 -4783.783317501496
47840.0 -4784.340559769803
48100.0 -4784.905031145221
48360.0 -4785.477013230247
48620.0 -4786.056787627381
48880.0 -4786.644635939117
49140.0 -4787.240839767953
49400.0 -4787.845680716387
49660.0 -4788.459440386915
49920.0 -4789.0824003820335
50180.0 -4789.714842304242
50440.0 -4790.357047756036
50700.0 -4791.009298339913
50960.0 -4791.67187565837
51220.0 -4792.345061313905
51480.0 -4793.029136909013
51740.0 -4793.724384046193
52000.0 -4794.431084327942
52260.0 -4795.149519356756
52520.0 -4795.879970735134
52780.0 -4796.622720065571
53040.0 -4797.378048950566
53300.0 -4798.146238992615
53560.0 -4798.927571794215
53820.0 -4799.722328957863
54080.0 -4800.530792086059
54340.0 -4801.353242781296
54600.0 -4802.189962646073
54860.0 -4803.041233282888
55120.0 -4803.907336294236
55380.0 -4804.788553282616
55640.0 -4805.685165850525
55900.0 -4806.597455600459
56160.0 -4807.525704134916
56420.0 -4808.470193056392
56680.0 -4809.431203967387
56940.0 -4810.409018470395
57200.0 -4811.4039181679145
57460.0 -4812.416184662442
57720.0 -4813.446099556476
57980.0 -4814.493944452512
58240.0 -4815.560000953047
58500.0 -4816.6445506605805
58760.0 -4817.747875177608
59020.0 -4818.870256106626
59280.0 -4820.011975050132
59540.0 -4821.173313610625
59800.0 -4822.3545533906
60060.0 -4823.555975992554
60320.0 -4824.777863018985
60580.0 -4826.020496072391
60840.0 -4827.284156755269
61100.0 -4828.569126670113
61360.0 -4829.875687419424
61620.0 -4831.204120605697
61880.0 -4832.554707831429
62140.0 -4833.927730699119
62400.0 -4835.323470811264
62660.0 -4836.7422097703575
62920.0 -4838.184229178901
63180.0 -4839.64981063939
63440.0 -4841.139235754321
63700.0 -4842.652745780641
63960.0 -4844.190371990049
64220.0 -4845.752077555394
64480.0 -4847.337825614129
64740.0 -4848.9475793037045
65000.0 -4850.5813017615765
65260.0 -4852.238956125195
65520.0 -4853.9205055320135
65780.0 -4855.625913119486
66040.0 -4857.3551420250615
66300.0 -4859.108155386195
66560.0 -4860.884916340337
66820.0 -4862.685388024945
67080.0 -4864.509533577465
67340.0 -4866.357316135354
67600.0 -4868.228698836064
67860.0 -4870.123644817046
68120.0 -4872.042117215752
68380.0 -4873.984079169638
68640.0 -4875.949493816152
68900.0 -4877.938324292751
69160.0 -4879.950533736884
69420.0 -4881.986085286006
69680.0 -4884.044942077567
69940.0 -4886.127067249022
70200.0 -4888.232423937821
70460.0 -4890.36097528142
70720.0 -4892.512684417269
70980.0 -4894.687514482821
71240.0 -4896.885428615529
71500.0 -4899.106389952845
71760.0 -4901.350361632221
72020.0 -4903.617306791111
72280.0 -4905.907188566966
72540.0 -4908.2199700972415
72800.0 -4910.555614519386
73060.0 -4912.914084970855
73320.0 -4915.295344589098
73580.0 -4917.699356511572
73840.0 -4920.126083875725
74100.0 -4922.575489819013
74360.0 -4925.047537478885
74620.0 -4927.542189992797
74880.0 -4930.0594104982
75140.0 -4932.5991621325475
75400.0 -4935.16140803329
75660.0 -4937.746111337881
75920.0 -4940.353235183775
76180.0 -4942.982742708421
76440.0 -4945.634597049275
76700.0 -4948.3087613437865
76960.0 -4951.005198729411
77220.0 -4953.723872343598
77480.0 -4956.464745323802
77740.0 -4959.227780807475
78000.0 -4962.01294193207
78260.0 -4964.820191835038
78520.0 -4967.649493653834
78780.0 -4970.500810525908
79040.0 -4973.374105588715
79300.0 -4976.269341979705
79560.0 -4979.186482836332
79820.0 -4982.1254912960485
80080.0 -4985.086330496308
80340.0 -4988.06896357456
80600.0 -4991.073353668259
80860.0 -4994.0994639148585
81120.0 -4997.14725745181
81380.0 -5000.216697416566
81640.0 -5003.307746946578
81900.0 -5006.420369179301
82160.0 -5009.554527252184
82420.0 -5012.710184302685
82680.0 -5015.88730346825
82940.0 -5019.0858478863365
83200.0 -5022.305780694393
83460.0 -5025.547065029878
83720.0 -5028.809664030238
83980.0 -5032.093540832928
84240.0 -5035.398658575401
84500.0 -5038.724980395108
84760.0 -5042.072469429503
85020.0 -5045.441088816039
85280.0 -5048.830801692166
85540.0 -5052.241571195339
85800.0 -5055.673360463009
86060.0 -5059.126132632629
86320.0 -5062.599850841652
86580.0 -5066.094478227532
86840.0 -5069.609977927717
87100.0 -5073.146313079663
87360.0 -5076.703446820822
87620.0 -5080.2813422886475
87880.0 -5083.87996262059
88140.0 -5087.499270954103
88400.0 -5091.139230426638
88660.0 -5094.799804175649
88920.0 -5098.480955338589
89180.0 -5102.1826470529095
89440.0 -5105.904842456062
89700.0 -5109.6475046855
89960.0 -5113.410596878678
90220.0 -5117.194082173046
90480.0 -5120.997923706056
90740.0 -5124.822084615163
91000.0 -5128.666528037817
91260.0 -5132.531217111474
91520.0 -5136.416114973583
91780.0 -5140.321184761598
92040.0 -5144.246389612971
92300.0 -5148.191692665156
92560.0 -5152.157057055603
92820.0 -5156.142445921767
93080.0 -5160.147822401101
93340.0 -5164.173149631053
93600.0 -5168.218390749081
93860.0 -5172.283508892634
94120.0 -5176.368467199167
94380.0 -5180.4732288061305
94640.0 -5184.597756850977
94900.0 -5188.7420144711605
95160.0 -5192.905964804133
95420.0 -5197.089593659296
95680.0 -5201.293021738356
95940.0 -5205.51641943083
96200.0 -5209.759957204019
96460.0 -5214.023805525215
96720.0 -5218.308134861715
96980.0 -5222.613115680817
97240.0 -5226.938918449818
97500.0 -5231.285713636012
97760.0 -5235.653671706697
98020.0 -5240.042963129169
98280.0 -5244.453758370726
98540.0 -5248.8862278986635
98800.0 -5253.340542180276
99060.0 -5257.816871682863
99320.0 -5262.31538687372
99580.0 -5266.8362582201435
99840.0 -5271.379656189429
100100.0 -5275.945751248873
100360.0 -5280.534713865774
100620.0 -5285.1467145074275
100880.0 -5289.781923641129
101140.0 -5294.440511734177
101400.0 -5299.122649253865
101660.0 -5303.828506667491
101920.0 -5308.558254442352
102180.0 -5313.312063045746
102440.0 -5318.090102944965
102700.0 -5322.892544607309
102960.0 -5327.719558500074
103220.0 -5332.571315090556
103480.0 -5337.447984846051
103740.0 -5342.349738233856
104000.0 -5347.2767457212685
104260.0 -5352.229177775584
104520.0 -5357.207204864098
104780.0 -5362.210997454109
105040.0 -5367.240726012911
105300.0 -5372.296561007804
105560.0 -5377.378672906081
105820.0 -5382.48723217504
106080.0 -5387.622409281978
106340.0 -5392.78437469419
106600.0 -5397.973298878975
106860.0 -5403.189352303627
107120.0 -5408.4327054354435
107380.0 -5413.703528741719
107640.0 -5419.001992689755
107900.0 -5424.328267746842
108160.0 -5429.6825243802805
108420.0 -5435.064933057366
108680.0 -5440.475664245396
108940.0 -5445.914888411664
109200.0 -5451.382776023468
109460.0 -5456.879497548105
109720.0 -5462.405223452873
109980.0 -5467.960124205065
110240.0 -5473.544370271979
110500.0 -5479.158132120912
110760.0 -5484.801580219161
111020.0 -5490.474885034021
111280.0 -5496.178217032789
111540.0 -5501.911746682762
111800.0 -5507.675644451236
112060.0 -5513.470080805506
112320.0 -5519.295226212872
112580.0 -5525.151251140629
112840.0 -5531.038326056072
113100.0 -5536.956621426498
113360.0 -5542.906307719205
113620.0 -5548.8875554014885
113880.0 -5554.900534940644
114140.0 -5560.945416803971
114400.0 -5567.022371458762
114660.0 -5573.131569372316
114920.0 -5579.273181011929
115180.0 -5585.447376844898
115440.0 -5591.654327338519
115700.0 -5597.894202960086
115960.0 -5604.1671741769005
116220.0 -5610.473411456256
116480.0 -5616.8130852654485
116740.0 -5623.186366071775
117000.0 -5629.5934243425345
117260.0 -5636.034430545019
117520.0 -5642.509555146528
117780.0 -5649.018968614358
118040.0 -5655.562841415804
118300.0 -5662.141344018164
118560.0 -5668.754646888733
118820.0 -5675.402920494808
119080.0 -5682.086335303687
119340.0 -5688.805061782664
119600.0 -5695.559270399036
119860.0 -5702.349131620102
120120.0 -5709.174815913157
120380.0 -5716.036493745494
120640.0 -5722.934335584416
120900.0 -5729.868511897214
121160.0 -5736.839193151187
121420.0 -5743.846549813631
121680.0 -5750.890752351844
121940.0 -5757.97197123312
122200.0 -5765.090376924756
122460.0 -5772.24613989405
122720.0 -5779.439430608297
122980.0 -5786.670419534795
123240.0 -5793.9392771408375
123500.0 -5801.246173893724
123760.0 -5808.591280260751
124020.0 -5815.974766709213
124280.0 -5823.396803706406
124540.0 -5830.85756171963
124800.0 -5838.357211216179
125060.0 -5845.895922663351
125320.0 -5853.473866528438
125580.0 -5861.0912132787425
125840.0 -5868.748133381558
126100.0 -5876.444797304181
126360.0 -5884.181375513908
126620.0 -5891.9580384780365
126880.0 -5899.774956663862
127140.0 -5907.6324275616
127400.0 -5915.5316148738575
127660.0 -5923.474043859926
127920.0 -5931.461240984894
128180.0 -5939.494732713854
128440.0 -5947.576045511896
128700.0 -5955.706705844113
128960.0 -5963.888240175589
129220.0 -5972.1221749714205
129480.0 -5980.410036696695
129740.0 -5988.753351816504
130000.0 -5997.153646795939
130260.0 -6005.612448100088
130520.0 -6014.131282194044
130780.0 -6022.711675542895
131040.0 -6031.355154611735
131300.0 -6040.063245865652
131560.0 -6048.8374757697375
131820.0 -6057.679370789081
132080.0 -6066.590457388773
132340.0 -6075.572262033906
132600.0 -6084.626311189569
132860.0 -6093.754131320852
133120.0 -6102.957248892848
133380.0 -6112.237190370644
133640.0 -6121.5954822193335
133900.0 -6131.033650904006
134160.0 -6140.553222889751
134420.0 -6150.15572464166
134680.0 -6159.842682624824
134940.0 -6169.615623304331
135200.0 -6179.476073145276
135460.0 -6189.425558612746
135720.0 -6199.465606171832
135980.0 -6209.597742287625
136240.0 -6219.823493425217
136500.0 -6230.144386049695
136760.0 -6240.561946626153
137020.0 -6251.07770161968
137280.0 -6261.693177495366
137540.0 -6272.409900718303
137800.0 -6283.22939775358
138060.0 -6294.153195066288
138320.0 -6305.182819121518
138580.0 -6316.319796384361
138840.0 -6327.565653319907
139100.0 -6338.921916393245
139360.0 -6350.390112069467
139620.0 -6361.971766813665
139880.0 -6373.668407090927
140140.0 -6385.481559366344
140400.0 -6397.412750105008
140660.0 -6409.463505772007
140920.0 -6421.6353528324335
141180.0 -6433.929817751377
141440.0 -6446.34842699393
141700.0 -6458.89270702518
141960.0 -6471.564184310219
142220.0 -6484.364385314139
142480.0 -6497.2948365020275
142740.0 -6510.357064338978
143000.0 -6523.55259529008
143260.0 -6536.8829558204225
143520.0 -6550.349672395097
143780.0 -6563.954271479195
144040.0 -6577.698279537806
144300.0 -6591.583223036022
144560.0 -6605.610628438931
144820.0 -6619.782022211625
145080.0 -6634.098930819194
145340.0 -6648.562880726729
145600.0 -6663.175398399321
145860.0 -6677.938010302059
146120.0 -6692.852242900036
146380.0 -6707.91962265834
146640.0 -6723.141676042062
146900.0 -6738.519929516294
147160.0 -6754.055909546125
147420.0 -6769.751142596646
147680.0 -6785.607155132948
147940.0 -6801.625473620121
148200.0 -6817.807624523255
148460.0 -6834.155134307442
148720.0 -6850.6695294377705
148980.0 -6867.352336379334
149240.0 -6884.20508159722
149500.0 -6901.22929155652
149760.0 -6918.426492722326
150020.0 -6935.798211559726
150280.0 -6953.345974533813
150540.0 -6971.0713081096765
150800.0 -6988.975738752406
151060.0 -7007.060792927094
151320.0 -7025.327997098828
151580.0 -7043.778877732702
151840.0 -7062.414961293804
152100.0 -7081.237774247226
152360.0 -7100.248843058058
152620.0 -7119.44969419139
152880.0 -7138.841854112314
153140.0 -7158.426849285919
153400.0 -7178.206206177297
153660.0 -7198.181451251537
153920.0 -7218.354110973729
154180.0 -7238.725711808966
154440.0 -7259.297780222337
154700.0 -7280.071842678933
154960.0 -7301.049425643844
155220.0 -7322.232055582161
155480.0 -7343.621258958974
155740.0 -7365.218562239374
156000.0 -7387.02549188845
156260.0 -7409.043574371296
156520.0 -7431.274336152999
156780.0 -7453.719303698652
157040.0 -7476.380003473343
157300.0 -7499.257961942165
157560.0 -7522.354705570207
157820.0 -7545.671760822561
158080.0 -7569.210654164315
158340.0 -7592.9729120605625
158600.0 -7616.960060976392
158860.0 -7641.172911351181
159120.0 -7665.606657108937
159380.0 -7690.253841943057
159640.0 -7715.106993918638
159900.0 -7740.158641100774
160160.0 -7765.401311554561
160420.0 -7790.827533345095
160680.0 -7816.429834537471
160940.0 -7842.200743196783
161200.0 -7868.132787388128
161460.0 -7894.218495176601
161720.0 -7920.450394627299
161980.0 -7946.821013805316
162240.0 -7973.322880775748
162500.0 -7999.948523603689
162760.0 -8026.690470354235
163020.0 -8053.541249092483
163280.0 -8080.493387883527
163540.0 -8107.5394147924635
163800.0 -8134.6718578843875
164060.0 -8161.883245224394
164320.0 -8189.1661048775795
164580.0 -8216.512964909038
164840.0 -8243.916353383865
165100.0 -8271.368798367159
165360.0 -8298.862827924013
165620.0 -8326.39097011952
165880.0 -8353.94575301878
166140.0 -8381.519704686887
166400.0 -8409.105353188936
166660.0 -8436.695226590022
166920.0 -8464.28185295524
167180.0 -8491.857760349689
167440.0 -8519.41547683846
167700.0 -8546.947530486652
167960.0 -8574.446449359355
168220.0 -8601.904761521671
168480.0 -8629.314995038694
168740.0 -8656.669677975517
169000.0 -8683.961338397237
169260.0 -8711.18250436895
169520.0 -8738.325703955748
169780.0 -8765.38346522273
170040.0 -8792.348316234993
170300.0 -8819.212785057627
170560.0 -8845.969399755733
170820.0 -8872.610688394403
171080.0 -8899.129179038733
171340.0 -8925.51739975382
171600.0 -8951.767878604758
171860.0 -8977.87314365664
172120.0 -9003.825722974569
172380.0 -9029.618144623631
172640.0 -9055.242936668928
172900.0 -9080.692627175556
173160.0 -9105.959744208607
173420.0 -9131.036815833177
173680.0 -9155.916370114363
173940.0 -9180.590935117258
174200.0 -9205.05303890696
174460.0 -9229.295209548563
174720.0 -9253.309975107164
174980.0 -9277.089863647856
175240.0 -9300.627403235736
175500.0 -9323.915121935901
175760.0 -9346.94554781344
176020.0 -9369.711208933457
176280.0 -9392.204633361045
176540.0 -9414.418349161297
176800.0 -9436.344884399308
177060.0 -9457.976767140177
177320.0 -9479.306525448997
177580.0 -9500.326687390865
177840.0 -9521.029781030875
178100.0 -9541.408334434123
178360.0 -9561.454875665706
178620.0 -9581.161932790716
178880.0 -9600.52203387425
179140.0 -9619.527706981404
179400.0 -9638.171480177272
179660.0 -9656.445881526952
179920.0 -9674.343439095537
180180.0 -9691.856680948127
180440.0 -9708.978135149811
180700.0 -9725.70032976569
180960.0 -9742.015792860857
181220.0 -9757.917052500406
181480.0 -9773.396636749434
181740.0 -9788.44707367304
182000.0 -9803.060891336312
182260.0 -9817.23061780435
182520.0 -9830.94878114225
182780.0 -9844.207909415105
183040.0 -9857.000530688014
183300.0 -9869.31917302607
183560.0 -9881.156364494365
183820.0 -9892.504633158003
184080.0 -9903.356507082071
184340.0 -9913.70451433167
184600.0 -9923.541182971892
184860.0 -9932.859041067835
185120.0 -9941.650616684594
185380.0 -9949.908437887265
185640.0 -9957.62503274094
185900.0 -9964.792929310719
186160.0 -9971.404655661696
186420.0 -9977.452739858963
186680.0 -9982.92970996762
186940.0 -9987.828094052762
187200.0 -9992.140420179481
187460.0 -9995.859216412875
187720.0 -9998.97701081804
187980.0 -10001.486331460068
188240.0 -10003.379706404061
188500.0 -10004.649663715109
188760.0 -10005.28873145831
189020.0 -10005.289437698757
189280.0 -10004.644310501548
189540.0 -10003.345877931775
189800.0 -10001.38666805454
190060.0 -9998.759208934931
190320.0 -9995.45602863805
190580.0 -9991.47053148543
190840.0 -9986.804064553584
191100.0 -9981.462202555722
191360.0 -9975.450559478082
191620.0 -9968.774749306913
191880.0 -9961.44038602846
192140.0 -9953.453083628961
192400.0 -9944.818456094667
192660.0 -9935.542117411822
192920.0 -9925.629681566668
193180.0 -9915.08676254545
193440.0 -9903.918974334412
193700.0 -9892.131930919802
193960.0 -9879.731246287862
194220.0 -9866.722534424833
194480.0 -9853.111409316967
194740.0 -9838.903484950502
195000.0 -9824.104375311686
195260.0 -9808.719694386764
195520.0 -9792.755056161976
195780.0 -9776.21607462357
196040.0 -9759.10836375779
196300.0 -9741.437537550883
196560.0 -9723.209209989089
196820.0 -9704.428995058655
197080.0 -9685.102506745827
197340.0 -9665.235359036844
197600.0 -9644.833165917953
197860.0 -9623.901541375404
198120.0 -9602.446099395434
198380.0 -9580.472453964292
198640.0 -9557.986219068222
198900.0 -9534.993008693464
199160.0 -9511.498436826267
199420.0 -9487.508117452877
199680.0 -9463.027664559535
199940.0 -9438.062692132486
200200.0 -9412.618814157973
200460.0 -9386.701644622246
200720.0 -9360.316797511545
200980.0 -9333.469886812116
201240.0 -9306.166526510202
201500.0 -9278.412330592048
201760.0 -9250.2129130439
202020.0 -9221.573887852002
202280.0 -9192.500869002597
202540.0 -9162.999470481931
202800.0 -9133.075306276249
203060.0 -9102.733990371793
203320.0 -9071.981136754808
203580.0 -9040.822359411542
203840.0 -9009.263272328237
204100.0 -8977.309489491136
204360.0 -8944.966624886485
204620.0 -8912.240292500532
204880.0 -8879.136106319515
205140.0 -8845.65968032968
205400.0 -8811.816628517274
205660.0 -8777.612564868543
205920.0 -8743.053103369728
206180.0 -8708.143858007074
206440.0 -8672.890442766828
206700.0 -8637.29847163523
206960.0 -8601.373558598527
207220.0 -8565.121317642966
207480.0 -8528.547362754787
207740.0 -8491.657307920235
208000.0 -8454.45676712556
208260.0 -8416.951354357001
208520.0 -8379.146683600804
208780.0 -8341.048368843212
209040.0 -8302.662024070472
209300.0 -8263.993263268829
209560.0 -8225.047700424526
209820.0 -8185.830949523806
210080.0 -8146.348624552916
210340.0 -8106.606339498098
210600.0 -8066.609708345602
210860.0 -8026.364345081664
211120.0 -7985.875863692535
211380.0 -7945.14987816446
211640.0 -7904.192002483677
211900.0 -7863.007850636437
212160.0 -7821.60303660898
212420.0 -7779.983174387556
212680.0 -7738.1538779584025
212940.0 -7696.1207613077695
213200.0 -7653.889438421901
213460.0 -7611.465523287037
213720.0 -7568.854629889426
213980.0 -7526.062372215314
214240.0 -7483.094364250941
214500.0 -7439.956219982553
214760.0 -7396.653553396396
215020.0 -7353.191978478715
215280.0 -7309.577109215751
215540.0 -7265.814559593751
215800.0 -7221.909943598961
216060.0 -7177.868875217621
216320.0 -7133.696968435979
216580.0 -7089.39983724028
216840.0 -7044.983095616765
217100.0 -7000.452357551681
217360.0 -6955.813237031274
217620.0 -6911.071348041786
217880.0 -6866.232304569461
218140.0 -6821.301720600544
218400.0 -6776.285210121283
218660.0 -6731.188387117917
218920.0 -6686.016865576694
219180.0 -6640.776259483859
219440.0 -6595.472182825652
219700.0 -6550.110249588322
219960.0 -6504.696073758114
220220.0 -6459.235269321268
220480.0 -6413.733450264033
220740.0 -6368.196230572652
221000.0 -6322.6292242333675
221260.0 -6277.038045232425
221520.0 -6231.428307556071
221780.0 -6185.805625190549
222040.0 -6140.175612122102
