0.0 -4621.83349609375
7932.839504747551 -4727.70556640625
15865.679009495105 -4738.7177734375
23798.518514242656 -4745.8466796875
31731.35801899021 -4752.3076171875
39664.19752373776 -4782.7724609375
47597.03702848531 -4791.79443359375
55529.87653323286 -4814.1865234375
63462.71603798041 -4841.2705078125
71395.55554272796 -4904.95947265625
79328.39504747551 -4994.51220703125
87261.23455222306 -5092.91552734375
95194.07405697062 -5193.453125
103126.91356171816 -5304.44775390625
111059.75306646572 -5426.13671875
118992.59257121327 -5718.0966796875
126925.43207596082 -5901.14501953125
134858.2715807084 -6343.5234375
142791.11108545592 -6501.26171875
150723.9505902035 -6978.11083984375
158656.79009495102 -7622.2294921875
166589.6295996986 -8156.6044921875
174522.46910444612 -9092.87109375
182455.3086091937 -9897.9208984375
190388.14811394125 -9994.4775390625
198320.9876186888 -8996.6279296875
206253.82712343635 -8378.921875
214186.66662818388 -7542.1953125
222119.50613293145 -6126.2216796875
230052.34563767895 -5328.4462890625
237985.18514242652 -3735.73828125
245918.02464717408 -2899.306640625
