0.0 -4621.83349609375
260.0 -4630.78765042842
520.0 -4639.063613830011
780.0 -4646.699780744164
1040.0 -4653.732968807239
1300.0 -4660.198467078822
1560.0 -4666.130083161933
1820.0 -4671.560189230171
2080.0 -4676.519766981166
2340.0 -4681.038451534582
2600.0 -4685.144574293658
2860.0 -4688.865204788606
3120.0 -4692.226191519246
3380.0 -4695.252201816162
3640.0 -4697.96676073582
3900.0 -4700.392289009524
4160.0 -4702.550140061163
4420.0 -4704.460636112028
4680.0 -4706.143103388825
4940.0 -4707.615906451632
5200.0 -4708.896481657767
5460.0 -4710.001369777576
5720.0 -4710.94624777862
5980.0 -4711.745959792979
6240.0 -4712.414547283397
6500.0 -4712.965278423688
6760.0 -4713.410676708507
7020.0 -4713.762548806061
7280.0 -4714.032011670189
7540.0 -4714.229518924495
7800.0 -4714.364886533775
8060.0 -4714.447317776072
8320.0 -4714.485427529515
8580.0 -4714.487265887431
8840.0 -4714.460341114823
9100.0 -4714.411641959914
9360.0 -4714.347659333062
9620.0 -4714.274407366882
9880.0 -4714.197443869025
10140.0 -4714.121890180786
10400.0 -4714.052450453925
10660.0 -4713.993430357067
10920.0 -4713.948755224597
11180.0 -4713.921987658391
11440.0 -4713.9163445955555
11700.0 -4713.934713852408
11960.0 -4713.9796701562345
12220.0 -4714.05349067602
12480.0 -4714.1581700626675
12740.0 -4714.2954350102
13000.0 -4714.466758347278
13260.0 -4714.67337267049
13520.0 -4714.916283529155
13780.0 -4715.196282171847
14040.0 -4715.513957864263
14300.0 -4715.869709788693
14560.0 -4716.263758534285
14820.0 -4716.696157187591
15080.0 -4717.16680203288
15340.0 -4717.675442871351
15600.0 -4718.221692967893
15860.0 -4718.805038634783
16120.0 -4719.424848460519
16380.0 -4720.080382192837
16640.0 -4720.770799283861
16900.0 -4721.495167106048
17160.0 -4722.252468846905
17420.0 -4723.041611090459
17680.0 -4723.861431093519
17940.0 -4724.710703764264
18200.0 -4725.588148350943
18460.0 -4726.492434848076
18720.0 -4727.422190127529
18980.0 -4728.37600380171
19240.0 -4729.352433825918
19500.0 -4730.350011846896
19760.0 -4731.3672483044575
20020.0 -4732.402637292723
20280.0 -4733.454661187873
20540.0 -4734.521795048671
20800.0 -4735.6025107962
21060.0 -4736.695281179105
21320.0 -4737.798583530467
21580.0 -4738.910903322279
21840.0 -4740.030737523512
22100.0 -4741.156597767553
22360.0 -4742.287013334696
22620.0 -4743.420533955275
22880.0 -4744.555732438951
23140.0 -4745.691207135495
23400.0 -4746.825584232306
23660.0 -4747.9575198939965
23920.0 -4749.085702248832
24180.0 -4750.208853227269
24440.0 -4751.32573025732
24700.0 -4752.435127821483
24960.0 -4753.535878880031
25220.0 -4754.6268561651295
25480.0 -4755.706973350345
25740.0 -4756.775186099837
26000.0 -4757.830493001679
26260.0 -4758.871936389383
26520.0 -4759.898603055802
26780.0 -4760.909624863466
27040.0 -4761.904179255265
27300.0 -4762.881489669292
27560.0 -4763.84082586181
27820.0 -4764.781504141741
28080.0 -4765.702887520509
28340.0 -4766.604385780781
28600.0 -4767.485455467355
28860.0 -4768.345599803731
29120.0 -4769.184368537632
29380.0 -4770.001357718641
29640.0 -4770.7962094111
29900.0 -4771.5686113454285
30160.0 -4772.31829651072
30420.0 -4773.04504269153
30680.0 -4773.7486719519775
30940.0 -4774.429050069467
31200.0 -4775.086085921189
31460.0 -4775.71973082574
31720.0 -4776.329977842583
31980.0 -4776.916861031847
32240.0 -4777.480454676751
32500.0 -4778.02087247125
32760.0 -4778.538266675108
33020.0 -4779.032827238567
33280.0 -4779.504780898986
33540.0 -4779.954390251387
33800.0 -4780.3819527951355
34060.0 -4780.7877999586435
34320.0 -4781.172296104157
34580.0 -4781.5358375143405
34840.0 -4781.878851362822
35100.0 -4782.2017946700635
35360.0 -4782.5051532466705
35620.0 -4782.789440625581
35880.0 -4783.0551969848175
36140.0 -4783.302988062458
36400.0 -4783.533404065183
36660.0 -4783.747058572076
36920.0 -4783.944587434902
37180.0 -4784.126647676371
37440.0 -4784.293916387718
37700.0 -4784.447089626752
37960.0 -4784.5868813177785
38220.0 -4784.714022154471
38480.0 -4784.829258506897
38740.0 -4784.9333513337715
39000.0 -4785.027075101031
39260.0 -4785.111216707716
39520.0 -4785.18657442017
39780.0 -4785.253956815516
40040.0 -4785.314181735213
40300.0 -4785.368075249678
40560.0 -4785.416470634745
40820.0 -4785.4602073607075
41080.0 -4785.500130094789
41340.0 -4785.53708771766
41600.0 -4785.571932354744
41860.0 -4785.605518422958
42120.0 -4785.638701693466
42380.0 -4785.672338371046
42640.0 -4785.707284190614
42900.0 -4785.744393531445
43160.0 -4785.784518549539
43420.0 -4785.8285083286155
43680.0 -4785.877208050122
43940.0 -4785.931458182746
44200.0 -4785.99209369167
44460.0 -4786.059943268027
44720.0 -4786.135828578792
44980.0 -4786.2205635374485
45240.0 -4786.314953595668
45500.0 -4786.4197950562275
45760.0 -4786.535874407411
46020.0 -4786.663967679075
46280.0 -4786.8048398205
46540.0 -4786.959244100244
46800.0 -4787.127921528058
47060.0 -4787.311600298988
47320.0 -4787.510995259735
47580.0 -4787.726807397343
47840.0 -4787.959723350244
48100.0 -4788.21041494163
48360.0 -4788.4795387352715
48620.0 -4788.767735613623
48880.0 -4789.075630378264
49140.0 -4789.4038313726105
49400.0 -4789.75293012678
49660.0 -4790.123501024603
49920.0 -4790.516100992568
50180.0 -4790.931269210701
50440.0 -4791.369526845132
50700.0 -4791.8313768022745
50960.0 -4792.317303504465
51220.0 -4792.827772686774
51480.0 -4793.363231214955
51740.0 -4793.924106924229
52000.0 -4794.510808478672
52260.0 -4795.123725251097
52520.0 -4795.763227223044
52780.0 -4796.429664904761
53040.0 -4797.123369274806
53300.0 -4797.844651739112
53560.0 -4798.593804109127
53820.0 -4799.371098598817
54080.0 -4800.176787840226
54340.0 -4801.01110491722
54600.0 -4801.874263417252
54860.0 -4802.7664575006
55120.0 -4803.687861987
55380.0 -4804.638632459168
55640.0 -4805.618905382894
55900.0 -4806.628798243459
56160.0 -4807.6684096978615
56420.0 -4808.737819742668
56680.0 -4809.837089896971
56940.0 -4810.966263400192
57200.0 -4812.1253654242755
57460.0 -4813.314403300005
57720.0 -4814.533366756882
57980.0 -4815.782228176404
58240.0 -4817.060942858149
58500.0 -4818.369449298406
58760.0 -4819.70766948091
59020.0 -4821.075509179298
59280.0 -4822.472858270836
59540.0 -4823.899591061101
59800.0 -4825.355566619169
60060.0 -4826.8406291228775
60320.0 -4828.354608213821
60580.0 -4829.897319361631
60840.0 -4831.468564237131
61100.0 -4833.0681310940045
61360.0 -4834.695795158513
61620.0 -4836.3513190268895
61880.0 -4838.034453070025
62140.0 -4839.7449358449585
62400.0 -4841.482494512904
62660.0 -4843.246845263231
62920.0 -4845.037693743201
63180.0 -4846.854735492883
63440.0 -4848.697656384951
63700.0 -4850.566133068945
63960.0 -4852.459833419584
64220.0 -4854.3784169887695
64480.0 -4856.321535460845
64740.0 -4858.2888331108
65000.0 -4860.279947264926
65260.0 -4862.294508763691
65520.0 -4864.332142426296
65780.0 -4866.392467516645
66040.0 -4868.475098210369
66300.0 -4870.579644062436
66560.0 -4872.7057104750875
66820.0 -4874.852899165726
67080.0 -4877.020808634313
67340.0 -4879.20903463007
67600.0 -4881.417170617015
67860.0 -4883.64480823806
68120.0 -4885.891537777325
68380.0 -4888.15694862031
68640.0 -4890.440629711628
68900.0 -4892.742170009995
69160.0 -4895.061158940089
69420.0 -4897.397186841072
69680.0 -4899.749845411373
69940.0 -4902.1187281495095
70200.0 -4904.503430790596
70460.0 -4906.903551738294
70720.0 -4909.318692491912
70980.0 -4911.748458068355
71240.0 -4914.192457418705
71500.0 -4916.650303839106
71760.0 -4919.121615375759
72020.0 -4921.606015223721
72280.0 -4924.103132119328
72540.0 -4926.612600725903
72800.0 -4929.134062012659
73060.0 -4931.667163626437
73320.0 -4934.211560256126
73580.0 -4936.766913989568
73840.0 -4939.332894662697
74100.0 -4941.909180200743
74360.0 -4944.495456951308
74620.0 -4947.091420009107
74880.0 -4949.696773532229
75140.0 -4952.311231049738
75400.0 -4954.934515760393
75660.0 -4957.566360822448
75920.0 -4960.20650963427
76180.0 -4962.854716105654
76440.0 -4965.510744919777
76700.0 -4968.174371785562
76960.0 -4970.8453836803465
77220.0 -4973.523579082845
77480.0 -4976.208768196108
77740.0 -4978.900773160587
78000.0 -4981.5994282570055
78260.0 -4984.304580099143
78520.0 -4987.01608781629
78780.0 -4989.733823225404
79040.0 -4992.457670992834
79300.0 -4995.18752878562
79560.0 -4997.923307412253
79820.0 -5000.6649309528775
80080.0 -5003.412336878883
80340.0 -5006.165476161916
80600.0 -5008.924313372142
80860.0 -5011.688826765937
81120.0 -5014.459008362796
81380.0 -5017.234864011626
81640.0 -5020.016413446296
81900.0 -5022.8036903305165
82160.0 -5025.596742292062
82420.0 -5028.395630946347
82680.0 -5031.200431909368
82940.0 -5034.011234800058
83200.0 -5036.8281432321255
83460.0 -5039.651274795363
83720.0 -5042.480761026534
83980.0 -5045.316747369871
84240.0 -5048.159393127235
84500.0 -5051.008871398063
84760.0 -5053.8653690091405
85020.0 -5056.729086434242
85280.0 -5059.6002377038485
85540.0 -5062.479050304912
85800.0 -5065.365765070857
86060.0 -5068.260636061863
86320.0 -5071.163930435584
86580.0 -5074.075928308415
86840.0 -5076.996922607407
87100.0 -5079.927218912989
87360.0 -5082.867135292605
87620.0 -5085.817002125428
87880.0 -5088.777161918295
88140.0 -5091.747969112971
88400.0 -5094.729789884967
88660.0 -5097.723001934009
88920.0 -5100.727994266368
89180.0 -5103.74516696917
89440.0 -5106.774930976923
89700.0 -5109.817707830381
89960.0 -5112.873929427947
90220.0 -5115.944037769842
90480.0 -5119.028484695149
90740.0 -5122.127731611997
91000.0 -5125.242249221055
91260.0 -5128.372517232556
91520.0 -5131.519024076993
91780.0 -5134.682266609837
92040.0 -5137.862749810299
92300.0 -5141.060986474539
92560.0 -5144.277496903418
92820.0 -5147.512808585057
93080.0 -5150.76745587244
93340.0 -5154.04197965629
93600.0 -5157.336927033409
93860.0 -5160.652850970774
94120.0 -5163.990309965599
94380.0 -5167.349867701601
94640.0 -5170.732092701703
94900.0 -5174.1375579774585
95160.0 -5177.566840675395
95420.0 -5181.020521720573
95680.0 -5184.499185457561
95940.0 -5188.003419289114
96200.0 -5191.533813312823
96460.0 -5195.090959955929
96720.0 -5198.6754536086355
96980.0 -5202.28789025611
97240.0 -5205.928867109512
97500.0 -5209.598982236188
97760.0 -5213.298834189449
98020.0 -5217.029021638049
98280.0 -5220.790142995741
98540.0 -5224.582796051062
98800.0 -5228.407577597752
99060.0 -5232.265083065915
99320.0 -5236.155906154314
99580.0 -5240.080638463986
99840.0 -5244.039869133484
100100.0 -5248.034184475974
100360.0 -5252.064167618503
100620.0 -5256.130398143617
100880.0 -5260.233451733711
101140.0 -5264.3738998182325
101400.0 -5268.552309224116
101660.0 -5272.769241829655
101920.0 -5277.025254222067
102180.0 -5281.320897359022
102440.0 -5285.656716234391
102700.0 -5290.033249548466
102960.0 -5294.451029382902
103220.0 -5298.910580880616
103480.0 -5303.412421930948
103740.0 -5307.957062860235
104000.0 -5312.54500612816
104260.0 -5317.17674603
104520.0 -5321.8527684051105
104780.0 -5326.573550351825
105040.0 -5331.339559949016
105300.0 -5336.151255984571
105560.0 -5341.009087690982
105820.0 -5345.913494488293
106080.0 -5350.864905734626
106340.0 -5355.863740484502
106600.0 -5360.910407255159
106860.0 -5366.005303801113
107120.0 -5371.148816897136
107380.0 -5376.341322129877
107640.0 -5381.583183698304
107900.0 -5386.874754223218
108160.0 -5392.21637456593
108420.0 -5397.608373656428
108680.0 -5403.051068331069
108940.0 -5408.544763180104
109200.0 -5414.0897504051245
109460.0 -5419.6863096866455
109720.0 -5425.334708061958
109980.0 -5431.035199813464
110240.0 -5436.788026367578
110500.0 -5442.593416204401
110760.0 -5448.451584778283
111020.0 -5454.362734449439
111280.0 -5460.327054426713
111540.0 -5466.344720721665
111800.0 -5472.4158961140565
112060.0 -5478.540730128902
112320.0 -5484.719359025132
112580.0 -5490.9519057960615
112840.0 -5497.238480181665
113100.0 -5503.579178692819
113360.0 -5509.974084647586
113620.0 -5516.423268219576
113880.0 -5522.926786498544
114140.0 -5529.484683563189
114400.0 -5536.096990566304
114660.0 -5542.763725832271
114920.0 -5549.4848949669795
115180.0 -5556.26049098019
115440.0 -5563.090494420391
115700.0 -5569.974873522151
115960.0 -5576.913584366034
116220.0 -5583.906571051013
116480.0 -5590.953765879467
116740.0 -5598.055089554691
117000.0 -5605.210451390951
117260.0 -5612.419749536059
117520.0 -5619.682871206414
117780.0 -5626.999692934526
118040.0 -5634.370080828915
118300.0 -5641.79389084641
118560.0 -5649.270969076733
118820.0 -5656.801152039327
119080.0 -5664.384266992367
119340.0 -5672.020132253846
119600.0 -5679.708557534664
119860.0 -5687.449344283629
120120.0 -5695.242286044247
120380.0 -5703.087168823208
120640.0 -5710.983771470424
120900.0 -5718.93186607052
121160.0 -5726.931218345613
121420.0 -5734.981588069236
121680.0 -5743.082729491271
121940.0 -5751.234391773721
122200.0 -5759.436319437129
122460.0 -5767.688252817506
122720.0 -5775.9899285335205
122980.0 -5784.341079963828
123240.0 -5792.7414377342675
123500.0 -5801.190730214747
123760.0 -5809.688684025602
124020.0 -5818.235024553164
124280.0 -5826.829476474338
124540.0 -5835.471764289901
124800.0 -5844.161612866317
125060.0 -5852.89874798575
125320.0 -5861.682896904045
125580.0 -5870.513788916376
125840.0 -5879.391155930248
126100.0 -5888.314733045625
126360.0 -5897.284259141796
126620.0 -5906.2994774707195
126880.0 -5915.360136256481
127140.0 -5924.4659893006
127400.0 -5933.616796592743
127660.0 -5942.812324926603
127920.0 -5952.052348520501
128180.0 -5961.336649642408
128440.0 -5970.665019238963
128700.0 -5980.037257568164
128960.0 -5989.453174835267
129220.0 -5998.912591831592
129480.0 -6008.415340575716
129740.0 -6017.961264956754
130000.0 -6027.550221379219
130260.0 -6037.182079409095
130520.0 -6046.85672242064
130780.0 -6056.574048243508
131040.0 -6066.333969809711
131300.0 -6076.136415799984
131560.0 -6085.981331289103
131820.0 -6095.868678389604
132080.0 -6105.79843689354
132340.0 -6115.770604911683
132600.0 -6125.785199509745
132860.0 -6135.842257341062
133120.0 -6145.941835275304
133380.0 -6156.084011022615
133640.0 -6166.268883752733
133900.0 -6176.496574708495
134160.0 -6186.76722781327
134420.0 -6197.081010271712
134680.0 -6207.438113163317
134940.0 -6217.838752028231
135200.0 -6228.283167444772
135460.0 -6238.771625598029
135720.0 -6249.304418839073
135980.0 -6259.881866234134
136240.0 -6270.504314103172
136500.0 -6281.1721365473095
136760.0 -6291.885735964444
137020.0 -6302.645543552561
137280.0 -6313.452019800051
137540.0 -6324.3056549624935
137800.0 -6335.206969525254
138060.0 -6346.156514651338
138320.0 -6357.1548726138435
138580.0 -6368.202657212405
138840.0 -6379.300514173035
139100.0 -6390.449121530695
139360.0 -6401.649189994025
139620.0 -6412.901463291554
139880.0 -6424.206718498774
140140.0 -6435.565766345483
140400.0 -6446.9794515027
140660.0 -6458.448652848548
140920.0 -6469.974283712477
141180.0 -6481.557292097189
141440.0 -6493.198660877561
141700.0 -6504.899407976038
141960.0 -6516.660586513743
142220.0 -6528.4832849367385
142480.0 -6540.368627116768
142740.0 -6552.317772425834
143000.0 -6564.331915783977
143260.0 -6576.412287679636
143520.0 -6588.56015416191
143780.0 -6600.776816804124
144040.0 -6613.063612638051
144300.0 -6625.421914058144
144560.0 -6637.853128695169
144820.0 -6650.358699258609
145080.0 -6662.940103347199
145340.0 -6675.598853226964
145600.0 -6688.336495576229
145860.0 -6701.154611196824
146120.0 -6714.054814691052
146380.0 -6727.038754103704
146640.0 -6740.108110528538
146900.0 -6753.264597678697
147160.0 -6766.50996142038
147420.0 -6779.845979269264
147680.0 -6793.274459849076
147940.0 -6806.797242311716
148200.0 -6820.4161957184515
148460.0 -6834.133218381538
148720.0 -6847.950237165801
148980.0 -6861.869206749586
149240.0 -6875.892108844604
149500.0 -6890.020951374107
149760.0 -6904.257767608922
150020.0 -6918.604615260845
150280.0 -6933.06357553287
150540.0 -6947.636752125865
150800.0 -6962.3262702011025
151060.0 -6977.13427529837
151320.0 -6992.062932209024
151580.0 -7007.114423803754
151840.0 -7022.290949814463
152100.0 -7037.5947255700785
152360.0 -7053.027980685679
152620.0 -7068.592957704756
152880.0 -7084.291910694191
153140.0 -7100.127103791536
153400.0 -7116.100809704459
153660.0 -7132.215308161882
153920.0 -7148.472884316597
154180.0 -7164.875827099097
154440.0 -7181.426427522376
154700.0 -7198.126976937459
154960.0 -7214.979765239424
155220.0 -7231.987079023807
155480.0 -7249.151199693132
155740.0 -7266.474401513505
156000.0 -7283.958949621055
156260.0 -7301.607097978212
156520.0 -7319.421087279692
156780.0 -7337.40314280814
157040.0 -7355.555472239409
157300.0 -7373.880263397475
157560.0 -7392.379681958988
157820.0 -7411.055869107547
158080.0 -7429.910939137721
158340.0 -7448.946977008946
158600.0 -7468.1660358494355
158860.0 -7487.570134410254
159120.0 -7507.1612544697045
159380.0 -7526.9413381883505
159640.0 -7546.912285414788
159900.0 -7567.0759509425325
160160.0 -7587.434141718359
160420.0 -7607.988614002326
160680.0 -7628.74107047999
160940.0 -7649.693157327144
161200.0 -7670.846461227551
161460.0 -7692.202506344176
161720.0 -7713.76275124441
161980.0 -7735.5285857798335
162240.0 -7757.501327921187
162500.0 -7779.682220549094
162760.0 -7802.072428201244
163020.0 -7824.6730337768
163280.0 -7847.485035198701
163540.0 -7870.509342034716
163800.0 -7893.74677207808
164060.0 -7917.1980478885735
164320.0 -7940.863793295014
164580.0 -7964.744529860077
164840.0 -7988.840673308511
165100.0 -8013.152529919808
165360.0 -8037.680292886437
165620.0 -8062.424038638757
165880.0 -8087.383723137916
166140.0 -8112.559178137914
166400.0 -8137.950107418173
166660.0 -8163.55608298799
166920.0 -8189.3765412642715
167180.0 -8215.41077922403
167440.0 -8241.657950533126
167700.0 -8268.117061652973
167960.0 -8294.786967926628
168220.0 -8321.666369646156
168480.0 -8348.753808102907
168740.0 -8376.047661622591
169000.0 -8403.546141586941
169260.0 -8431.247288444012
169520.0 -8459.148967708952
169780.0 -8487.248865957481
170040.0 -8515.544486814071
170300.0 -8544.0331469371
170560.0 -8572.711972003117
170820.0 -8601.577892692721
171080.0 -8630.627640680274
171340.0 -8659.857744629957
171600.0 -8689.264526200795
171860.0 -8718.844096063083
172120.0 -8748.592349929024
172380.0 -8778.504964600264
172640.0 -8808.577394035128
172900.0 -8838.804865438533
173160.0 -8869.182375377428
173420.0 -8899.704685924939
173680.0 -8930.366320836289
173940.0 -8961.161561759605
174200.0 -8992.08444448516
174460.0 -9023.128755236114
174720.0 -9054.288027004444
174980.0 -9085.55553593551
175240.0 -9116.92429776482
175500.0 -9148.387064310908
175760.0 -9179.936320027826
176020.0 -9211.564278621483
176280.0 -9243.262879733498
176540.0 -9275.023785696869
176800.0 -9306.838378367484
177060.0 -9338.697756035803
177320.0 -9370.592730423037
177580.0 -9402.513823766307
177840.0 -9434.451265997277
178100.0 -9466.394992018917
178360.0 -9498.334639085257
178620.0 -9530.259544288821
178880.0 -9562.158742160764
179140.0 -9594.020962388804
179400.0 -9625.834627658076
179660.0 -9657.587851620136
179920.0 -9689.268436995599
180180.0 -9720.86387381582
180440.0 -9752.361337809178
180700.0 -9783.747688937809
180960.0 -9815.0094700905
181220.0 -9846.132905937679
181480.0 -9877.103901954664
181740.0 -9907.908043619229
182000.0 -9938.53059578981
182260.0 -9968.956502270841
182520.0 -9999.170385571615
182780.0 -10029.156546865497
183040.0 -10058.898966156094
183300.0 -10088.381302657459
183560.0 -10117.586895395218
183820.0 -10146.49876403594
184080.0 -10175.099609951923
184340.0 -10203.37181752883
184600.0 -10231.297455723907
184860.0 -10258.858279882235
185120.0 -10286.035733819033
185380.0 -10312.810952175932
185640.0 -10339.164763059343
185900.0 -10365.077690969112
186160.0 -10390.529960026022
186420.0 -10415.501497506471
186680.0 -10439.971937693212
186940.0 -10463.92062605089
187200.0 -10487.326623735366
187460.0 -10510.168712446024
187720.0 -10532.425399630287
187980.0 -10554.074924049877
188240.0 -10575.095261718283
188500.0 -10595.464132219395
188760.0 -10615.15900541698
189020.0 -10634.157108565361
189280.0 -10652.435433831262
189540.0 -10669.97074623749
189800.0 -10686.739592038797
190060.0 -10702.718307540823
190320.0 -10717.88302837303
190580.0 -10732.209699226567
190840.0 -10745.674084068467
191100.0 -10758.251776843637
191360.0 -10769.918212676046
191620.0 -10780.648679581162
191880.0 -10790.418330701365
192140.0 -10799.202197076705
192400.0 -10806.975200963156
192660.0 -10813.712169711047
192920.0 -10819.387850216213
193180.0 -10823.976923956945
193440.0 -10827.454022629652
193700.0 -10829.793744396688
193960.0 -10830.97067075969
194220.0 -10830.959384072148
194480.0 -10829.734485705152
194740.0 -10827.270614880259
195000.0 -10823.542468183874
195260.0 -10818.524819777625
195520.0 -10812.192542319226
195780.0 -10804.520628609185
196040.0 -10795.484213977858
196300.0 -10785.058599428668
196560.0 -10773.219275552874
196820.0 -10759.941947231504
197080.0 -10745.202559140664
197340.0 -10728.977322076253
197600.0 -10711.242740114543
197860.0 -10691.975638625303
198120.0 -10671.153193154381
198380.0 -10648.752959192652
198640.0 -10624.752902848966
198900.0 -10599.131432444303
199160.0 -10571.867431045328
199420.0 -10542.94028995507
199680.0 -10512.329943179182
199940.0 -10480.016902886191
200200.0 -10445.982295880634
200460.0 -10410.20790110804
200720.0 -10372.676188210902
200980.0 -10333.37035715539
201240.0 -10292.27437894834
201500.0 -10249.37303746472
201760.0 -10204.651972405738
202020.0 -10158.097723408195
202280.0 -10109.697775325845
202540.0 -10059.440604703843
202800.0 -10007.315727467736
203060.0 -9953.313747848302
203320.0 -9897.426408564443
203580.0 -9839.646642286109
203840.0 -9779.968624399646
204100.0 -9718.387827098464
204360.0 -9654.901074821744
204620.0 -9589.506601064682
204880.0 -9522.204106583717
205140.0 -9452.994819020578
205400.0 -9381.881553969366
205660.0 -9308.86877751095
205920.0 -9233.962670239622
206180.0 -9157.171192806762
206440.0 -9078.504153007088
206700.0 -8997.973274432956
206960.0 -8915.592266722675
207220.0 -8831.376897429085
207480.0 -8745.345065534993
207740.0 -8657.516876642212
208000.0 -8567.91471986153
208260.0 -8476.563346430952
208520.0 -8383.489950090137
208780.0 -8288.724249239167
209040.0 -8192.298570910025
209300.0 -8094.247936579672
209560.0 -7994.6101498538255
209820.0 -7893.42588605088
210080.0 -7790.738783715699
210340.0 -7686.595538093641
210600.0 -7581.045996595002
210860.0 -7474.14325628094
211120.0 -7365.943763401859
211380.0 -7256.507415019982
211640.0 -7145.897662747784
211900.0 -7034.181618634591
212160.0 -6921.430163234051
212420.0 -6807.718055885215
212680.0 -6693.124047240608
212940.0 -6577.730994075233
213200.0 -6461.625976410049
213460.0 -6344.900416984766
213720.0 -6227.650203114618
213980.0 -6109.975810966294
214240.0 -5991.982432288539
214500.0 -5873.780103633312
214760.0 -5755.483838104295
215020.0 -5637.213759668496
215280.0 -5519.095240069296
215540.0 -5401.259038377265
215800.0 -5283.8414432176105
216060.0 -5166.984417711876
216320.0 -5050.835747173086
216580.0 -4935.5491895929945
216840.0 -4821.284628961455
217100.0 -4708.208231457636
217360.0 -4596.492604553161
217620.0 -4486.316959068501
217880.0 -4377.867274223363
218140.0 -4271.336465723069
218400.0 -4166.92455692262
218660.0 -4064.8388531111796
218920.0 -3965.29411896007
219180.0 -3868.512759176857
219440.0 -3774.7250024106243
219700.0 -3684.1690884513764
219960.0 -3597.0914587691286
220220.0 -3513.7469504375954
220480.0 -3434.3989934878855
220740.0 -3359.319811738571
221000.0 -3288.790627148479
221260.0 -3223.101867739183
221520.0 -3162.553379134981
221780.0 -3107.4546397674985
222040.0 -3058.1249797944483
222300.0 -3014.89380378026
222560.0 -2978.100817189058
222820.0 -2948.096256738728
223080.0 -2925.241124667403
223340.0 -2909.907426962446
223600.0 -2902.478415603731
223860.0 -2903.3488348727915
224120.0 -2912.925171780197
224380.0 -2931.6259106642037
224640.0 -2959.8817920133365
224900.0 -2998.136075567999
225160.0 -3046.8448077537614
225420.0 -3106.477093503043
225680.0 -3177.5153725191667
225940.0 -3260.4557000391296
226200.0 -3355.8080321522843
226460.0 -3464.0965157304095
226720.0 -3585.8597830285175
226980.0 -3721.651251012559
227240.0 -3872.0394254743987
227500.0 -4037.6082099919577
227760.0 -4218.957219794917
228020.0 -4416.702100595693
228280.0 -4631.474852447238
228540.0 -4863.924158688376
228800.0 -5114.7157200389065
229060.0 -5385.3291015625
