0.0 -4621.83349609375
260.0 -4622.633375217932
520.0 -4623.433300506224
780.0 -4624.233318122737
1040.0 -4625.033474231581
1300.0 -4625.833814996869
1560.0 -4626.634386582707
1820.0 -4627.43523515321
2080.0 -4628.236406872485
2340.0 -4629.037947904643
2600.0 -4629.839904413798
2860.0 -4630.642322564056
3120.0 -4631.445248519529
3380.0 -4632.248728444329
3640.0 -4633.052808502564
3900.0 -4633.857534858347
4160.0 -4634.662953675786
4420.0 -4635.469111118994
4680.0 -4636.27605335208
4940.0 -4637.083826539154
5200.0 -4637.892476844328
5460.0 -4638.7020504317115
5720.0 -4639.512593465415
5980.0 -4640.32415210955
6240.0 -4641.136772528224
6500.0 -4641.950500885551
6760.0 -4642.765383345641
7020.0 -4643.581466072602
7280.0 -4644.398795230546
7540.0 -4645.217416983585
7800.0 -4646.037377495827
8060.0 -4646.858722931384
8320.0 -4647.681499454366
8580.0 -4648.505753228883
8840.0 -4649.331530419046
9100.0 -4650.1588771889665
9360.0 -4650.987839702752
9620.0 -4651.818464124517
9880.0 -4652.650796618369
10140.0 -4653.484883348419
10400.0 -4654.320770478778
10660.0 -4655.158504173557
10920.0 -4655.998130596866
11180.0 -4656.839695912814
11440.0 -4657.683246285514
11700.0 -4658.528827879075
11960.0 -4659.376486857607
12220.0 -4660.226269385222
12480.0 -4661.07822162603
12740.0 -4661.932389744141
13000.0 -4662.788819903666
13260.0 -4663.647558268714
13520.0 -4664.508651003398
13780.0 -4665.372144271827
14040.0 -4666.238084238111
14300.0 -4667.106517066361
14560.0 -4667.977488920689
14820.0 -4668.8510459652025
15080.0 -4669.727234364015
15340.0 -4670.606100281235
15600.0 -4671.4876898809725
15860.0 -4672.37204932734
16120.0 -4673.259224784448
16380.0 -4674.149262416404
16640.0 -4675.042208387322
16900.0 -4675.93810886131
17160.0 -4676.837010002481
17420.0 -4677.738957974942
17680.0 -4678.643998942806
17940.0 -4679.552179070184
18200.0 -4680.463544521184
18460.0 -4681.378141459919
18720.0 -4682.296016050498
18980.0 -4683.217214457031
19240.0 -4684.1417828436315
19500.0 -4685.069767374405
19760.0 -4686.0012142134665
20020.0 -4686.936169524925
20280.0 -4687.8746794728895
20540.0 -4688.816790221473
20800.0 -4689.762547934784
21060.0 -4690.711998776934
21320.0 -4691.665188912033
21580.0 -4692.622164504192
21840.0 -4693.582971717521
22100.0 -4694.547656716131
22360.0 -4695.516265664131
22620.0 -4696.4888447256335
22880.0 -4697.465440064749
23140.0 -4698.446097845585
23400.0 -4699.430864232256
23660.0 -4700.41978538887
23920.0 -4701.412907479537
24180.0 -4702.41027666837
24440.0 -4703.411939119477
24700.0 -4704.41794099697
24960.0 -4705.428328464959
25220.0 -4706.443147687554
25480.0 -4707.462444828866
25740.0 -4708.486266053006
26000.0 -4709.514657524084
26260.0 -4710.54766540621
26520.0 -4711.585335863495
26780.0 -4712.627715060049
27040.0 -4713.674849159984
27300.0 -4714.726784327408
27560.0 -4715.783566726433
27820.0 -4716.84524252117
28080.0 -4717.911857875728
28340.0 -4718.983458954219
28600.0 -4720.060091920753
28860.0 -4721.141802939439
29120.0 -4722.22863817439
29380.0 -4723.320643789714
29640.0 -4724.417865949523
29900.0 -4725.5203508179275
30160.0 -4726.6281445590375
30420.0 -4727.741293336964
30680.0 -4728.859843315817
30940.0 -4729.983840659706
31200.0 -4731.113331532745
31460.0 -4732.248362099041
31720.0 -4733.388978522705
31980.0 -4734.535226967848
32240.0 -4735.687153598581
32500.0 -4736.844804579014
32760.0 -4738.008226073257
33020.0 -4739.177464245421
33280.0 -4740.352565259618
33540.0 -4741.533575279956
33800.0 -4742.720540470545
34060.0 -4743.913506995499
34320.0 -4745.112521018925
34580.0 -4746.3176287049355
34840.0 -4747.528876217641
35100.0 -4748.74630972115
35360.0 -4749.969975379576
35620.0 -4751.199919357026
35880.0 -4752.436187817613
36140.0 -4753.6788269254475
36400.0 -4754.927882844639
36660.0 -4756.183401739297
36920.0 -4757.445429773535
37180.0 -4758.71401311146
37440.0 -4759.989197917186
37700.0 -4761.271030354821
37960.0 -4762.559556588475
38220.0 -4763.854822782262
38480.0 -4765.156875100289
38740.0 -4766.465759706666
39000.0 -4767.781522765508
39260.0 -4769.104210440921
39520.0 -4770.433868897017
39780.0 -4771.770544297908
40040.0 -4773.114282807701
40300.0 -4774.46513059051
40560.0 -4775.823133810443
40820.0 -4777.188338631612
41080.0 -4778.560791218128
41340.0 -4779.940537734099
41600.0 -4781.327624343638
41860.0 -4782.7220972108535
42120.0 -4784.124002499857
42380.0 -4785.53337000451
42640.0 -4786.950143823489
42900.0 -4788.374240108654
43160.0 -4789.805574996438
43420.0 -4791.244064623285
43680.0 -4792.689625125635
43940.0 -4794.142172639928
44200.0 -4795.601623302601
44460.0 -4797.067893250097
44720.0 -4798.540898618854
44980.0 -4800.020555545314
45240.0 -4801.506780165914
45500.0 -4802.999488617096
45760.0 -4804.498597035298
46020.0 -4806.0040215569625
46280.0 -4807.515678318527
46540.0 -4809.033483456431
46800.0 -4810.557353107117
47060.0 -4812.0872034070235
47320.0 -4813.62295049259
47580.0 -4815.164510500255
47840.0 -4816.711799566461
48100.0 -4818.264733827647
48360.0 -4819.823229420253
48620.0 -4821.387202480717
48880.0 -4822.956569145482
49140.0 -4824.531245550985
49400.0 -4826.111147833667
49660.0 -4827.696192129969
49920.0 -4829.286294576328
50180.0 -4830.881371309187
50440.0 -4832.481338464983
50700.0 -4834.086112180159
50960.0 -4835.6956085911515
51220.0 -4837.309743834403
51480.0 -4838.928434046353
51740.0 -4840.5515953634385
52000.0 -4842.179143922103
52260.0 -4843.810995858786
52520.0 -4845.447067309923
52780.0 -4847.08727441196
53040.0 -4848.731533301331
53300.0 -4850.3797601144815
53560.0 -4852.031870987848
53820.0 -4853.68778205787
54080.0 -4855.347409460989
54340.0 -4857.010669333645
54600.0 -4858.677477812276
54860.0 -4860.347751033323
55120.0 -4862.021405133226
55380.0 -4863.698356248425
55640.0 -4865.378520515358
55900.0 -4867.061814070466
56160.0 -4868.748153050191
56420.0 -4870.437453590971
56680.0 -4872.129631829245
56940.0 -4873.824603901453
57200.0 -4875.5222859440355
57460.0 -4877.222594093434
57720.0 -4878.925444486086
57980.0 -4880.630753258432
58240.0 -4882.338436546912
58500.0 -4884.048410487966
58760.0 -4885.760591218034
59020.0 -4887.474894873555
59280.0 -4889.191237590969
59540.0 -4890.909535506717
59800.0 -4892.629704757237
60060.0 -4894.3516614789705
60320.0 -4896.075321808356
60580.0 -4897.800601881835
60840.0 -4899.527417835847
61100.0 -4901.25568580683
61360.0 -4902.985321931225
61620.0 -4904.716242345475
61880.0 -4906.448363186013
62140.0 -4908.181600589285
62400.0 -4909.915870691728
62660.0 -4911.651089629782
62920.0 -4913.387173539888
63180.0 -4915.124038558485
63440.0 -4916.861600822012
63700.0 -4918.599776466912
63960.0 -4920.33848162962
64220.0 -4922.0776324465805
64480.0 -4923.81714505423
64740.0 -4925.556935589011
65000.0 -4927.296920187361
65260.0 -4929.037014985722
65520.0 -4930.777136120532
65780.0 -4932.517199728232
66040.0 -4934.257121945261
66300.0 -4935.996818908059
66560.0 -4937.736206753068
66820.0 -4939.475201616724
67080.0 -4941.213719635471
67340.0 -4942.951676945745
67600.0 -4944.6889896839875
67860.0 -4946.425573986639
68120.0 -4948.16134599014
68380.0 -4949.896221830927
68640.0 -4951.630117645443
68900.0 -4953.362949570127
69160.0 -4955.094633741419
69420.0 -4956.825086295758
69680.0 -4958.554223369585
69940.0 -4960.281961099338
70200.0 -4962.00821562146
70460.0 -4963.732903072387
70720.0 -4965.455939588562
70980.0 -4967.177241306423
71240.0 -4968.896724362412
71500.0 -4970.614304892965
71760.0 -4972.329899034526
72020.0 -4974.0434229235325
72280.0 -4975.754792696425
72540.0 -4977.463924489643
72800.0 -4979.170734439627
73060.0 -4980.875138682816
73320.0 -4982.577053355651
73580.0 -4984.276394594571
73840.0 -4985.973078536015
74100.0 -4987.667021316425
74360.0 -4989.35813907224
74620.0 -4991.046347939899
74880.0 -4992.731564055842
75140.0 -4994.41370355651
75400.0 -4996.092682578343
75660.0 -4997.768417257777
75920.0 -4999.440823731257
76180.0 -5001.109818135221
76440.0 -5002.7753166061075
76700.0 -5004.437235280358
76960.0 -5006.095490294411
77220.0 -5007.749997784708
77480.0 -5009.400673887688
77740.0 -5011.04743473979
78000.0 -5012.690196477455
78260.0 -5014.328875237123
78520.0 -5015.963387155233
78780.0 -5017.593648368224
79040.0 -5019.219575012539
79300.0 -5020.8410832246145
79560.0 -5022.458089140893
79820.0 -5024.070508897812
80080.0 -5025.678258631813
80340.0 -5027.281254479335
80600.0 -5028.879412576819
80860.0 -5030.472649060704
81120.0 -5032.060880067429
81380.0 -5033.644021733434
81640.0 -5035.221990195161
81900.0 -5036.794701589049
82160.0 -5038.3620720515355
82420.0 -5039.924017719062
82680.0 -5041.48045472807
82940.0 -5043.031299214997
83200.0 -5044.576467316284
83460.0 -5046.11587516837
83720.0 -5047.649438907696
83980.0 -5049.177074670701
84240.0 -5050.698698593825
84500.0 -5052.2143202683055
84760.0 -5053.724594289887
85020.0 -5055.230447390669
85280.0 -5056.732807262207
85540.0 -5058.232601596062
85800.0 -5059.730758083789
86060.0 -5061.228204416947
86320.0 -5062.725868287094
86580.0 -5064.224677385789
86840.0 -5065.725559404587
87100.0 -5067.229442035049
87360.0 -5068.737252968731
87620.0 -5070.249919897192
87880.0 -5071.768370511988
88140.0 -5073.293532504678
88400.0 -5074.826333566821
88660.0 -5076.367701389972
88920.0 -5077.918563665693
89180.0 -5079.479848085538
89440.0 -5081.052482341067
89700.0 -5082.637394123836
89960.0 -5084.235511125405
90220.0 -5085.847761037331
90480.0 -5087.475071551172
90740.0 -5089.118370358485
91000.0 -5090.778585150828
91260.0 -5092.45664361976
91520.0 -5094.153473456839
91780.0 -5095.870002353621
92040.0 -5097.607158001666
92300.0 -5099.365868092531
92560.0 -5101.147060317773
92820.0 -5102.95166236895
93080.0 -5104.78060193762
93340.0 -5106.634806715342
93600.0 -5108.515204393674
93860.0 -5110.4227226641715
94120.0 -5112.358289218395
94380.0 -5114.322831747901
94640.0 -5116.317277944247
94900.0 -5118.342555498992
95160.0 -5120.399592103692
95420.0 -5122.489315449909
95680.0 -5124.612653229195
95940.0 -5126.770533133113
96200.0 -5128.963882853217
96460.0 -5131.1936300810685
96720.0 -5133.460702508221
96980.0 -5135.766027826237
97240.0 -5138.110533726672
97500.0 -5140.495147901083
97760.0 -5142.92079804103
98020.0 -5145.388411838068
98280.0 -5147.898916983759
98540.0 -5150.453241169658
98800.0 -5153.052312087323
99060.0 -5155.697057428311
99320.0 -5158.388404884183
99580.0 -5161.1272821464945
99840.0 -5163.9146169068035
100100.0 -5166.751336856667
100360.0 -5169.6383696876455
100620.0 -5172.5766430912945
100880.0 -5175.567084759175
101140.0 -5178.610622382839
101400.0 -5181.708183653851
101660.0 -5184.860696263764
101920.0 -5188.0690879041385
102180.0 -5191.334286266532
102440.0 -5194.657219042501
102700.0 -5198.038813923605
102960.0 -5201.4799986014
103220.0 -5204.981700767447
103480.0 -5208.544848113301
103740.0 -5212.1703683305195
104000.0 -5215.859189110664
104260.0 -5219.612238145288
104520.0 -5223.430443125952
104780.0 -5227.314731744213
105040.0 -5231.266031691629
105300.0 -5235.285270659759
105560.0 -5239.37337634016
105820.0 -5243.531276424388
106080.0 -5247.759898604003
106340.0 -5252.060170570562
106600.0 -5256.433020015625
106860.0 -5260.879374630746
107120.0 -5265.400162107486
107380.0 -5269.9963101374005
107640.0 -5274.6687464120505
107900.0 -5279.418398622991
108160.0 -5284.246194461781
108420.0 -5289.153061619979
108680.0 -5294.139927789141
108940.0 -5299.207720660826
109200.0 -5304.357367926593
109460.0 -5309.5897972779985
109720.0 -5314.9059364066
109980.0 -5320.306713003956
110240.0 -5325.793054761624
110500.0 -5331.365889371164
110760.0 -5337.026144524129
111020.0 -5342.774747912082
111280.0 -5348.612627226578
111540.0 -5354.540710159176
111800.0 -5360.559924401433
112060.0 -5366.671197644908
112320.0 -5372.875457581158
112580.0 -5379.173631901741
112840.0 -5385.566648298215
113100.0 -5392.055434462137
113360.0 -5398.640918085067
113620.0 -5405.3240268585605
113880.0 -5412.1056884741765
114140.0 -5418.986830623473
114400.0 -5425.968380998006
114660.0 -5433.051267289337
114920.0 -5440.236417189021
115180.0 -5447.524758388617
115440.0 -5454.917218579682
115700.0 -5462.414725453775
115960.0 -5470.0182067024525
116220.0 -5477.728590017274
116480.0 -5485.546803089796
116740.0 -5493.473773611577
117000.0 -5501.510429274174
117260.0 -5509.657697769147
117520.0 -5517.916506788052
117780.0 -5526.287784022446
118040.0 -5534.77245716389
118300.0 -5543.371453903938
118560.0 -5552.085701934151
118820.0 -5560.916128946086
119080.0 -5569.863662631301
119340.0 -5578.929230681353
119600.0 -5588.113760787801
119860.0 -5597.418180642201
120120.0 -5606.843417936112
120380.0 -5616.390400361093
120640.0 -5626.0600556087
120900.0 -5635.853311370491
121160.0 -5645.771095338026
121420.0 -5655.81433520286
121680.0 -5665.983958656553
121940.0 -5676.280893390662
122200.0 -5686.706067096744
122460.0 -5697.260407466359
122720.0 -5707.944842191063
122980.0 -5718.760298962415
123240.0 -5729.707705471972
123500.0 -5740.787989411293
123760.0 -5752.0020784719345
124020.0 -5763.350900345456
124280.0 -5774.835382723412
124540.0 -5786.4564532973645
124800.0 -5798.215039758869
125060.0 -5810.112069799485
125320.0 -5822.148471110768
125580.0 -5834.325171384277
125840.0 -5846.643098311572
126100.0 -5859.103179584207
126360.0 -5871.706342893743
126620.0 -5884.453316943967
126880.0 -5897.342991650389
127140.0 -5910.37326285975
127400.0 -5923.5420166821295
127660.0 -5936.8471392276115
127920.0 -5950.286516606275
128180.0 -5963.858034928204
128440.0 -5977.559580303479
128700.0 -5991.38903884218
128960.0 -6005.34429665439
129220.0 -6019.423239850191
129480.0 -6033.6237545396625
129740.0 -6047.943726832888
130000.0 -6062.381042839948
130260.0 -6076.933588670924
130520.0 -6091.599250435898
130780.0 -6106.375914244953
131040.0 -6121.261466208167
131300.0 -6136.253792435623
131560.0 -6151.350779037403
131820.0 -6166.550312123588
132080.0 -6181.85027780426
132340.0 -6197.2485621895
132600.0 -6212.74305138939
132860.0 -6228.331631514011
133120.0 -6244.012188673444
133380.0 -6259.782608977774
133640.0 -6275.640778537077
133900.0 -6291.584583461438
134160.0 -6307.611909860937
134420.0 -6323.720643845657
134680.0 -6339.908671525678
134940.0 -6356.173879011083
135200.0 -6372.514152411953
135460.0 -6388.927377838368
135720.0 -6405.411441400412
135980.0 -6421.9642292081635
136240.0 -6438.583627371707
136500.0 -6455.2675220011215
136760.0 -6472.013799206491
137020.0 -6488.8203450978945
137280.0 -6505.685045785414
137540.0 -6522.605787379133
137800.0 -6539.580455989131
138060.0 -6556.606937725491
138320.0 -6573.683118698294
138580.0 -6590.80688501762
138840.0 -6607.976122793552
139100.0 -6625.188718136171
139360.0 -6642.4425571555585
139620.0 -6659.735525961796
139880.0 -6677.065510664966
140140.0 -6694.4303973751485
140400.0 -6711.828072202425
140660.0 -6729.256421256879
140920.0 -6746.71333064859
141180.0 -6764.196686487639
141440.0 -6781.704374884111
141700.0 -6799.234281948083
141960.0 -6816.784293789639
142220.0 -6834.35229651886
142480.0 -6851.936176245828
142740.0 -6869.533819080624
143000.0 -6887.14311113333
143260.0 -6904.761938514027
143520.0 -6922.3881873327955
143780.0 -6940.01974369972
144040.0 -6957.654493724878
144300.0 -6975.290323518355
144560.0 -6992.925119190229
144820.0 -7010.556766850584
145080.0 -7028.183152609499
145340.0 -7045.802162577059
145600.0 -7063.411682863342
145860.0 -7081.009599578432
146120.0 -7098.593798832409
146380.0 -7116.162166735357
146640.0 -7133.712589397353
146900.0 -7151.242952928482
147160.0 -7168.751143438824
147420.0 -7186.235047038462
147680.0 -7203.692549837476
147940.0 -7221.121537945947
148200.0 -7238.519897473959
148460.0 -7255.885514531592
148720.0 -7273.216275228926
148980.0 -7290.510065676047
149240.0 -7307.764771983031
149500.0 -7324.978280259963
149760.0 -7342.148476616922
150020.0 -7359.273247163992
150280.0 -7376.3504780112535
150540.0 -7393.378055268789
150800.0 -7410.353865046678
151060.0 -7427.275793455002
151320.0 -7444.141726603845
151580.0 -7460.949550603287
151840.0 -7477.697151563409
152100.0 -7494.382415594293
152360.0 -7511.00322880602
152620.0 -7527.557477308672
152880.0 -7544.043047212331
153140.0 -7560.4578246270785
153400.0 -7576.799695662994
153660.0 -7593.066546430162
153920.0 -7609.256263038662
154180.0 -7625.366731598576
154440.0 -7641.3958382199835
154700.0 -7657.34146901297
154960.0 -7673.201510087614
155220.0 -7688.973847553998
155480.0 -7704.656367522205
155740.0 -7720.246956102313
156000.0 -7735.743499404407
156260.0 -7751.143883538564
156520.0 -7766.445994614872
156780.0 -7781.6477187434075
157040.0 -7796.746942034252
157300.0 -7811.7415505974905
157560.0 -7826.629430543202
157820.0 -7841.408467981467
158080.0 -7856.076549022369
158340.0 -7870.63155977599
158600.0 -7885.07138635241
158860.0 -7899.393914861711
159120.0 -7913.597031413974
159380.0 -7927.678622119281
159640.0 -7941.636573087713
159900.0 -7955.468770429352
160160.0 -7969.173100254279
160420.0 -7982.747448672577
160680.0 -7996.189701794325
160940.0 -8009.497745729606
161200.0 -8022.669466588503
161460.0 -8035.702750481095
161720.0 -8048.595483517463
161980.0 -8061.345551807691
162240.0 -8073.9508414618585
162500.0 -8086.40923859005
162760.0 -8098.718629302343
163020.0 -8110.876899708821
163280.0 -8122.881935919566
163540.0 -8134.73162404466
163800.0 -8146.423850194181
164060.0 -8157.956500478214
164320.0 -8169.327461006838
164580.0 -8180.534617890138
164840.0 -8191.575857238191
165100.0 -8202.449065161083
165360.0 -8213.15212776889
165620.0 -8223.6829311717
165880.0 -8234.03936147959
166140.0 -8244.219304802644
166400.0 -8254.220647250942
166660.0 -8264.041274934565
166920.0 -8273.679073963594
167180.0 -8283.131930448113
167440.0 -8292.397730498204
167700.0 -8301.474360223945
167960.0 -8310.35970573542
168220.0 -8319.05165314271
168480.0 -8327.548088555894
168740.0 -8335.847045923912
169000.0 -8343.948434792575
169260.0 -8351.853453732592
169520.0 -8359.563326641777
169780.0 -8367.079277417934
170040.0 -8374.402529958877
170300.0 -8381.534308162418
170560.0 -8388.475835926363
170820.0 -8395.228337148526
171080.0 -8401.793035726714
171340.0 -8408.17115555874
171600.0 -8414.363920542415
171860.0 -8420.372554575546
172120.0 -8426.198281555946
172380.0 -8431.842325381422
172640.0 -8437.305909949791
172900.0 -8442.590259158855
173160.0 -8447.69659690643
173420.0 -8452.626147090325
173680.0 -8457.380133608349
173940.0 -8461.959780358313
174200.0 -8466.366311238027
174460.0 -8470.600950145305
174720.0 -8474.664920977952
174980.0 -8478.559447633777
175240.0 -8482.2857540106
175500.0 -8485.84506400622
175760.0 -8489.238601518455
176020.0 -8492.467590445112
176280.0 -8495.533254684
176540.0 -8498.436818132936
176800.0 -8501.17950468972
177060.0 -8503.762538252173
177320.0 -8506.187142718098
177580.0 -8508.454541985306
177840.0 -8510.56595995161
178100.0 -8512.52262051482
178360.0 -8514.325747572744
178620.0 -8515.976565023193
178880.0 -8517.476296763982
179140.0 -8518.826166692912
179400.0 -8520.0273987078
179660.0 -8521.081216706458
179920.0 -8521.988844586689
180180.0 -8522.751506246312
180440.0 -8523.370425583129
180700.0 -8523.846826494957
180960.0 -8524.181932879601
181220.0 -8524.376968634875
181480.0 -8524.43315765859
181740.0 -8524.351723848551
182000.0 -8524.133891102574
182260.0 -8523.780883318466
182520.0 -8523.293924394036
182780.0 -8522.6742382271
183040.0 -8521.923048715464
183300.0 -8521.04157975694
183560.0 -8520.031055249336
183820.0 -8518.892699090466
184080.0 -8517.627735178135
184340.0 -8516.237387410158
184600.0 -8514.722879684343
184860.0 -8513.085435898503
185120.0 -8511.326279950445
185380.0 -8509.44663573798
185640.0 -8507.44772715892
185900.0 -8505.330778111073
186160.0 -8503.097012492251
186420.0 -8500.747654200266
186680.0 -8498.283927132925
186940.0 -8495.707055188039
187200.0 -8493.018262263417
187460.0 -8490.218772256872
187720.0 -8487.309809066215
187980.0 -8484.292596589254
188240.0 -8481.168358723802
188500.0 -8477.938319367664
188760.0 -8474.603702418655
189020.0 -8471.165731774583
189280.0 -8467.625631333261
189540.0 -8463.984624992496
189800.0 -8460.2439366501
190060.0 -8456.404790203887
190320.0 -8452.468409551659
190580.0 -8448.43601859123
190840.0 -8444.308841220414
191100.0 -8440.088101337016
191360.0 -8435.775022838852
191620.0 -8431.370829623727
191880.0 -8426.876745589454
192140.0 -8422.293994633841
192400.0 -8417.623800654701
192660.0 -8412.867387549844
192920.0 -8408.025979217076
193180.0 -8403.100799554215
193440.0 -8398.093072459065
193700.0 -8393.00402182944
193960.0 -8387.834871563147
194220.0 -8382.586845557998
194480.0 -8377.261167711806
194740.0 -8371.859061922376
195000.0 -8366.381752087524
195260.0 -8360.830462105054
195520.0 -8355.206415872779
195780.0 -8349.510837288513
196040.0 -8343.74495025006
196300.0 -8337.909978655238
196560.0 -8332.007146401847
196820.0 -8326.037677387709
197080.0 -8320.002795510625
197340.0 -8313.903724668407
197600.0 -8307.741688758872
197860.0 -8301.51791167982
198120.0 -8295.233617329071
198380.0 -8288.890029604428
198640.0 -8282.488372403706
198900.0 -8276.029869624714
199160.0 -8269.51574516526
199420.0 -8262.947222923158
199680.0 -8256.325526796214
199940.0 -8249.651880682242
200200.0 -8242.927508479053
200460.0 -8236.153634084452
200720.0 -8229.331481396257
200980.0 -8222.462274312269
201240.0 -8215.547236730306
201500.0 -8208.587592548176
201760.0 -8201.584565663688
202020.0 -8194.539379974654
202280.0 -8187.453259378882
202540.0 -8180.327427774186
202800.0 -8173.163109058372
203060.0 -8165.961527129255
203320.0 -8158.723905884641
203580.0 -8151.451469222341
203840.0 -8144.145441040168
204100.0 -8136.80704523593
204360.0 -8129.437505707439
204620.0 -8122.038046352503
204880.0 -8114.609891068933
205140.0 -8107.154263754543
205400.0 -8099.672388307137
205660.0 -8092.1654886245315
205920.0 -8084.634788604531
206180.0 -8077.081512144951
206440.0 -8069.506883143597
206700.0 -8061.912125498282
206960.0 -8054.2984631068175
207220.0 -8046.667119867012
207480.0 -8039.019319676676
207740.0 -8031.356286433621
208000.0 -8023.679244035655
208260.0 -8015.989416380589
208520.0 -8008.288027366234
208780.0 -8000.576300890401
209040.0 -7992.855460850898
209300.0 -7985.12673114554
209560.0 -7977.391335672131
209820.0 -7969.650498328485
210080.0 -7961.905443012413
210340.0 -7954.157393621723
210600.0 -7946.407574054228
