0.0 -4621.83349609375
260.0 -4614.977932619119
520.0 -4608.3237836636545
780.0 -4601.868430017577
1040.0 -4595.60927113424
1300.0 -4589.543725074986
1560.0 -4583.669228454004
1820.0 -4577.983236383214
2080.0 -4572.483222417104
2340.0 -4567.166678497611
2600.0 -4562.031114898986
2860.0 -4557.074060172638
3120.0 -4552.293061092019
3380.0 -4547.685682597476
3640.0 -4543.249507741123
3900.0 -4538.982137631689
4160.0 -4534.881191379397
4420.0 -4530.944306040821
4680.0 -4527.169136563752
4940.0 -4523.553355732055
5200.0 -4520.094654110538
5460.0 -4516.790739989819
5720.0 -4513.639339331177
5980.0 -4510.638195711436
6240.0 -4507.785070267797
6500.0 -4505.077741642736
6760.0 -4502.514005928846
7020.0 -4500.091676613709
7280.0 -4497.808584524745
7540.0 -4495.662577774102
7800.0 -4493.651521703497
8060.0 -4491.773298829084
8320.0 -4490.025808786326
8580.0 -4488.406968274852
8840.0 -4486.914711003318
9100.0 -4485.546987634277
9360.0 -4484.301765729029
9620.0 -4483.1770296925115
9880.0 -4482.170780718131
10140.0 -4481.281036732649
10400.0 -4480.505832341038
10660.0 -4479.843218771333
10920.0 -4479.291263819528
11180.0 -4478.848051794397
11440.0 -4478.5116834623905
11700.0 -4478.280275992485
11960.0 -4478.151962901043
12220.0 -4478.124893996692
12480.0 -4478.197235325163
12740.0 -4478.367169114186
13000.0 -4478.6328937183225
13260.0 -4478.992623563847
13520.0 -4479.4445890936095
13780.0 -4479.987036711892
14040.0 -4480.61822872927
14300.0 -4481.33644330749
14560.0 -4482.1399744043265
14820.0 -4483.02713171843
15080.0 -4483.996240634216
15340.0 -4485.04564216671
15600.0 -4486.173692906418
15860.0 -4487.37876496419
16120.0 -4488.659245916083
16380.0 -4490.013538748219
16640.0 -4491.4400618016625
16900.0 -4492.937248717263
17160.0 -4494.503548380541
17420.0 -4496.137424866529
17680.0 -4497.837357384666
17940.0 -4499.601840223616
18200.0 -4501.42938269617
18460.0 -4503.318509084105
18720.0 -4505.267758583027
18980.0 -4507.27568524724
19240.0 -4509.340857934635
19500.0 -4511.461860251517
19760.0 -4513.637290497495
20020.0 -4515.865761610334
20280.0 -4518.145901110815
20540.0 -4520.476351047613
20800.0 -4522.855767942143
21060.0 -4525.2828227334385
21320.0 -4527.756200723001
21580.0 -4530.274601519677
21840.0 -4532.836738984515
22100.0 -4535.4413411756195
22360.0 -4538.087150293039
22620.0 -4540.772922623598
22880.0 -4543.497428485791
23140.0 -4546.259452174622
23400.0 -4549.057791906485
23660.0 -4551.891259764014
23920.0 -4554.758681640958
24180.0 -4557.65889718703
24440.0 -4560.590759752791
24700.0 -4563.553136334494
24960.0 -4566.544907518956
25220.0 -4569.564967428425
25480.0 -4572.612223665438
25740.0 -4575.68559725768
26000.0 -4578.784022602859
26260.0 -4581.906447413562
26520.0 -4585.051832662121
26780.0 -4588.219152525467
27040.0 -4591.407394330019
27300.0 -4594.615558496511
27560.0 -4597.842658484889
27820.0 -4601.087720739156
28080.0 -4604.349784632232
28340.0 -4607.627902410836
28600.0 -4610.921139140332
28860.0 -4614.228572649605
29120.0 -4617.549293475907
29380.0 -4620.882404809744
29640.0 -4624.227022439723
29900.0 -4627.582274697414
30160.0 -4630.947302402224
30420.0 -4634.321258806261
30680.0 -4637.703309539178
30940.0 -4641.0926325530645
31200.0 -4644.488418067289
31460.0 -4647.889868513366
31720.0 -4651.296198479834
31980.0 -4654.706634657096
32240.0 -4658.120415782301
32500.0 -4661.536792584196
32760.0 -4664.955027727999
33020.0 -4668.374395760259
33280.0 -4671.794183053712
33540.0 -4675.213687752161
33800.0 -4678.632219715315
34060.0 -4682.049100463681
34320.0 -4685.4636631234025
34580.0 -4688.87525237114
34840.0 -4692.283224378923
35100.0 -4695.686946759022
35360.0 -4699.085798508811
35620.0 -4702.479169955621
35880.0 -4705.866462701616
36140.0 -4709.247089568649
36400.0 -4712.620474543128
36660.0 -4715.986052720881
36920.0 -4719.343270252013
37180.0 -4722.691584285781
37440.0 -4726.030462915441
37700.0 -4729.359385123129
37960.0 -4732.677840724714
38220.0 -4735.985330314658
38480.0 -4739.281365210897
38740.0 -4742.565467399681
39000.0 -4745.837169480454
39260.0 -4749.0960146107145
39520.0 -4752.341556450871
39780.0 -4755.573359109119
40040.0 -4758.790997086286
40300.0 -4761.994055220718
40560.0 -4765.1821286331215
40820.0 -4768.354822671441
41080.0 -4771.511752855714
41340.0 -4774.652544822946
41600.0 -4777.776834271952
41860.0 -4780.884266908245
42120.0 -4783.974498388883
42380.0 -4787.047194267345
42640.0 -4790.102029938374
42900.0 -4793.138690582867
43160.0 -4796.156871112719
43420.0 -4799.156276115687
43680.0 -4802.1366198002725
43940.0 -4805.097625940559
44200.0 -4808.039027821095
44460.0 -4810.960568181746
44720.0 -4813.861999162561
44980.0 -4816.743082248646
45240.0 -4819.603588215006
45500.0 -4822.443297071432
45760.0 -4825.26199800735
46020.0 -4828.05948933668
46280.0 -4830.8355784427185
46540.0 -4833.590081722986
46800.0 -4836.322824534094
47060.0 -4839.0336411366125
47320.0 -4841.722374639928
47580.0 -4844.388876947111
47840.0 -4847.033008699779
48100.0 -4849.654639222952
48360.0 -4852.253646469936
48620.0 -4854.829916967156
48880.0 -4857.383345759054
49140.0 -4859.9138363529255
49400.0 -4862.421300663793
49660.0 -4864.905658959268
49920.0 -4867.366839804421
50180.0 -4869.804780006634
50440.0 -4872.219424560474
50700.0 -4874.610726592546
50960.0 -4876.97864730637
51220.0 -4879.323155927225
51480.0 -4881.644229647039
51740.0 -4883.941853569224
52000.0 -4886.216020653559
52260.0 -4888.466731661049
52520.0 -4890.693995098787
52780.0 -4892.897827164808
53040.0 -4895.078251692974
53300.0 -4897.235300097821
53560.0 -4899.3690113194225
53820.0 -4901.479431768257
54080.0 -4903.566615270084
54340.0 -4905.630623010776
54600.0 -4907.671523481215
54860.0 -4909.689392422135
55120.0 -4911.684312768997
55380.0 -4913.656374596842
55640.0 -4915.605675065164
55900.0 -4917.532318362772
56160.0 -4919.4364156526435
56420.0 -4921.318085016797
56680.0 -4923.177451401163
56940.0 -4925.014646560428
57200.0 -4926.829809002911
57460.0 -4928.623083935426
57720.0 -4930.394623208145
57980.0 -4932.144585259453
58240.0 -4933.873135060828
58500.0 -4935.580444061686
58760.0 -4937.26669013426
59020.0 -4938.932057518457
59280.0 -4940.576736766714
59540.0 -4942.200924688873
59800.0 -4943.8048242970435
60060.0 -4945.388644750459
60320.0 -4946.952601300341
60580.0 -4948.496915234772
60840.0 -4950.0218138235505
61100.0 -4951.527530263052
61360.0 -4953.014303621099
61620.0 -4954.4823787818295
61880.0 -4955.932006390541
62140.0 -4957.363442798573
62400.0 -4958.776950008162
62660.0 -4960.172795617308
62920.0 -4961.551252764632
63180.0 -4962.912600074252
63440.0 -4964.257121600631
63700.0 -4965.585106773448
63960.0 -4966.896850342467
64220.0 -4968.1926523223865
64480.0 -4969.472817937718
64740.0 -4970.737657567637
65000.0 -4971.987486690861
65260.0 -4973.222625830489
65520.0 -4974.443400498894
65780.0 -4975.650141142563
66040.0 -4976.8431830869795
66300.0 -4978.02286648146
66560.0 -4979.1895362440555
66820.0 -4980.34354200638
67080.0 -4981.48523805849
67340.0 -4982.614983293749
67600.0 -4983.733141153686
67860.0 -4984.840079572862
68120.0 -4985.936170923731
68380.0 -4987.021791961503
68640.0 -4988.097323769013
68900.0 -4989.1631517015785
69160.0 -4990.219665331865
69420.0 -4991.267258394746
69680.0 -4992.306328732177
69940.0 -4993.337278238046
70200.0 -4994.360512803046
70460.0 -4995.3764422595295
70720.0 -4996.385480326386
70980.0 -4997.388044553892
71240.0 -4998.384556268576
71500.0 -4999.375440518098
71760.0 -5000.361126016083
72020.0 -5001.342045087014
72280.0 -5002.318633611081
72540.0 -5003.291330969046
72800.0 -5004.260579987103
73060.0 -5005.226826881747
73320.0 -5006.190521204646
73580.0 -5007.152115787481
73840.0 -5008.112066686831
74100.0 -5009.0708331290225
74360.0 -5010.0288774550045
74620.0 -5010.986665065199
74880.0 -5011.944664364381
75140.0 -5012.903346706526
75400.0 -5013.863186339679
75660.0 -5014.824660350823
75920.0 -5015.788248610738
76180.0 -5016.75443371886
76440.0 -5017.723700948155
76700.0 -5018.696538189976
76960.0 -5019.673435898922
77220.0 -5020.654887037715
77480.0 -5021.641387022043
77740.0 -5022.633433665448
78000.0 -5023.631527124168
78260.0 -5024.636169842016
78520.0 -5025.647866495228
78780.0 -5026.667123937346
79040.0 -5027.694451144063
79300.0 -5028.730359158095
79560.0 -5029.775361034046
79820.0 -5030.829971783266
80080.0 -5031.894708318723
80340.0 -5032.970089399851
80600.0 -5034.056635577431
80860.0 -5035.154869138446
81120.0 -5036.265314050944
81380.0 -5037.388495908902
81640.0 -5038.524941877089
81900.0 -5039.675180635934
82160.0 -5040.839742326382
82420.0 -5042.019158494764
82680.0 -5043.213962037656
82940.0 -5044.424687146748
83200.0 -5045.651869253694
83460.0 -5046.8960449749975
83720.0 -5048.1577520568535
83980.0 -5049.437529320026
84240.0 -5050.735916604706
84500.0 -5052.053454715373
84760.0 -5053.390685365661
85020.0 -5054.748151123221
85280.0 -5056.126395354586
85540.0 -5057.525962170039
85800.0 -5058.947396368462
86060.0 -5060.391243382215
86320.0 -5061.858049221987
86580.0 -5063.348360421672
86840.0 -5064.862723983222
87100.0 -5066.401687321516
87360.0 -5067.965798209219
87620.0 -5069.555604721651
87880.0 -5071.171655181644
88140.0 -5072.814498104415
88400.0 -5074.484682142416
88660.0 -5076.182756030209
88920.0 -5077.909268529325
89180.0 -5079.664768373129
89440.0 -5081.44980421168
89700.0 -5083.264924556597
89960.0 -5085.110677725922
90220.0 -5086.987611788985
90480.0 -5088.896274511265
90740.0 -5090.837213299251
91000.0 -5092.810975145316
91260.0 -5094.818106572567
91520.0 -5096.859153579717
91780.0 -5098.934661585945
92040.0 -5101.045175375766
92300.0 -5103.19123904388
92560.0 -5105.37339594005
92820.0 -5107.592188613961
93080.0 -5109.84815876008
93340.0 -5112.141847162518
93600.0 -5114.473793639907
93860.0 -5116.844536990245
94120.0 -5119.254614935767
94380.0 -5121.704564067821
94640.0 -5124.194919791708
94900.0 -5126.726216271564
95160.0 -5129.298986375214
95420.0 -5131.913761619035
95680.0 -5134.571072112831
95940.0 -5137.271446504683
96200.0 -5140.015411925818
96460.0 -5142.803493935473
96720.0 -5145.636216465757
96980.0 -5148.514101766513
97240.0 -5151.437670350186
97500.0 -5154.407440936686
97760.0 -5157.423930398241
98020.0 -5160.4876537042755
98280.0 -5163.599123866267
98540.0 -5166.758851882609
98800.0 -5169.96734668347
99060.0 -5173.225115075668
99320.0 -5176.532661687525
99580.0 -5179.890488913737
99840.0 -5183.299096860227
100100.0 -5186.75898328902
100360.0 -5190.270643563102
100620.0 -5193.83457059128
100880.0 -5197.451254773049
101140.0 -5201.121183943462
101400.0 -5204.844843317971
101660.0 -5208.622715437323
101920.0 -5212.4552801123955
102180.0 -5216.343014369072
102440.0 -5220.286392393111
102700.0 -5224.285885474993
102960.0 -5228.341961954797
103220.0 -5232.455087167064
103480.0 -5236.625723385654
103740.0 -5240.854329768612
104000.0 -5245.141362303031
104260.0 -5249.487273749918
104520.0 -5253.892513589059
104780.0 -5258.357527963868
105040.0 -5262.882759626275
105300.0 -5267.468647881566
105560.0 -5272.115628533262
105820.0 -5276.824133827973
106080.0 -5281.59459240027
106340.0 -5286.427429217539
106600.0 -5291.32306552485
106860.0 -5296.281918789823
107120.0 -5301.3044026474845
107380.0 -5306.390926845135
107640.0 -5311.541897187215
107900.0 -5316.757715480158
108160.0 -5322.038779477273
108420.0 -5327.385482823584
108680.0 -5332.79821500071
108940.0 -5338.277361271733
109200.0 -5343.82330262604
109460.0 -5349.436415724198
109720.0 -5355.117072842831
109980.0 -5360.865641819465
110240.0 -5366.68248599739
110500.0 -5372.567964170544
110760.0 -5378.522430528351
111020.0 -5384.546234600604
111280.0 -5390.6397212023185
111540.0 -5396.8032303785985
111800.0 -5403.037097349501
112060.0 -5409.341652454897
112320.0 -5415.717221099336
112580.0 -5422.164123696916
112840.0 -5428.682675616125
113100.0 -5435.273187124742
113360.0 -5441.93596333466
113620.0 -5448.671304146779
113880.0 -5455.4795041958505
114140.0 -5462.360852795355
114400.0 -5469.315633882356
114660.0 -5476.344125962372
114920.0 -5483.446602054226
115180.0 -5490.623329634927
115440.0 -5497.874570584515
115700.0 -5505.200581130941
115960.0 -5512.601611794915
116220.0 -5520.077907334789
116480.0 -5527.629706691399
116740.0 -5535.25724293294
117000.0 -5542.960743199832
117260.0 -5550.740428649575
117520.0 -5558.596514401619
117780.0 -5566.529209482222
118040.0 -5574.538716769316
118300.0 -5582.62523293738
118560.0 -5590.7889484022835
118820.0 -5599.030047266164
119080.0 -5607.34870726229
119340.0 -5615.745099699919
119600.0 -5624.219389409167
119860.0 -5632.7717346858635
120120.0 -5641.402287236422
120380.0 -5650.111192122701
120640.0 -5658.898587706872
120900.0 -5667.764605596274
121160.0 -5676.7093705882835
121420.0 -5685.733000615175
121680.0 -5694.8356066889855
121940.0 -5704.017292846382
122200.0 -5713.278156093516
122460.0 -5722.6182863508975
122720.0 -5732.037766398245
122980.0 -5741.536671819361
123240.0 -5751.115070946998
123500.0 -5760.7730248077
123760.0 -5770.510587066694
124020.0 -5780.327803972738
124280.0 -5790.224714302982
124540.0 -5800.201349307845
124800.0 -5810.257732655857
125060.0 -5820.393880378549
125320.0 -5830.609800815295
125580.0 -5840.905494558181
125840.0 -5851.280954396885
126100.0 -5861.7361652635045
126360.0 -5872.271104177459
126620.0 -5882.885740190329
126880.0 -5893.580034330723
127140.0 -5904.353939549154
127400.0 -5915.207400662884
127660.0 -5926.140354300801
127920.0 -5937.15272884828
128180.0 -5948.24444439204
128440.0 -5959.415412665013
128700.0 -5970.665536991211
128960.0 -5981.994712230579
129220.0 -5993.4028247238675
129480.0 -6004.889752237492
129740.0 -6016.455363908396
130000.0 -6028.099520188918
130260.0 -6039.822072791656
130520.0 -6051.62286463432
130780.0 -6063.501729784602
131040.0 -6075.45849340505
131300.0 -6087.492971697917
131560.0 -6099.604971850025
131820.0 -6111.794291977638
132080.0 -6124.060721071317
132340.0 -6136.404038940795
132600.0 -6148.824016159818
132860.0 -6161.320414011029
133120.0 -6173.892984430832
133380.0 -6186.541469954243
133640.0 -6199.265603659749
133900.0 -6212.0651091142
134160.0 -6224.939700317638
134420.0 -6237.889081648183
134680.0 -6250.912947806889
134940.0 -6264.010983762607
135200.0 -6277.1828646968515
135460.0 -6290.428255948662
135720.0 -6303.746812959461
135980.0 -6317.138181217926
136240.0 -6330.601996204859
136500.0 -6344.137883338022
136760.0 -6357.74545791703
137020.0 -6371.424325068205
137280.0 -6385.174079689439
137540.0 -6398.994306395046
137800.0 -6412.884579460645
138060.0 -6426.844462768015
138320.0 -6440.873509749951
138580.0 -6454.97126333514
138840.0 -6469.137255893018
139100.0 -6483.371009178625
139360.0 -6497.6720342774925
139620.0 -6512.039831550482
139880.0 -6526.473890578662
140140.0 -6540.973690108161
140400.0 -6555.53869799505
140660.0 -6570.168371150181
140920.0 -6584.862155484074
141180.0 -6599.619485851762
141440.0 -6614.439785997665
141700.0 -6629.322468500452
141960.0 -6644.2669347178935
142220.0 -6659.272574731752
142480.0 -6674.338767292608
142740.0 -6689.464879764755
143000.0 -6704.650268071055
143260.0 -6719.894276637781
143520.0 -6735.196238339518
143780.0 -6750.5554744439905
144040.0 -6765.971294556948
144300.0 -6781.442996567021
144560.0 -6796.969866590584
144820.0 -6812.551178916623
145080.0 -6828.186195951594
145340.0 -6843.874168164288
145600.0 -6859.614334030697
145860.0 -6875.405919978874
146120.0 -6891.248140333794
146380.0 -6907.140197262235
146640.0 -6923.08128071761
146900.0 -6939.070568384858
147160.0 -6955.107225625299
147420.0 -6971.190405421494
147680.0 -6987.319248322103
147940.0 -7003.492882386769
148200.0 -7019.71042313096
148460.0 -7035.970973470842
148720.0 -7052.273623668147
148980.0 -7068.61745127502
149240.0 -7085.001521078902
149500.0 -7101.424885047381
149760.0 -7117.88658227306
150020.0 -7134.385638918421
150280.0 -7150.92106816068
150540.0 -7167.491870136669
150800.0 -7184.097031887676
151060.0 -7200.735527304324
151320.0 -7217.406317071442
151580.0 -7234.108348612897
151840.0 -7250.840556036494
152100.0 -7267.60186007881
152360.0 -7284.391168050086
152620.0 -7301.207373779057
152880.0 -7318.049357557848
153140.0 -7334.915986086819
153400.0 -7351.8061124194255
153660.0 -7368.7185759070935
153920.0 -7385.652202144082
154180.0 -7402.605802912333
154440.0 -7419.578176126354
154700.0 -7436.568105778068
154960.0 -7453.574361881677
155220.0 -7470.5957004185375
155480.0 -7487.630863282005
155740.0 -7504.678578222318
156000.0 -7521.737558791448
156260.0 -7538.806504287963
156520.0 -7555.884099701905
156780.0 -7572.969015659628
157040.0 -7590.059908368683
157300.0 -7607.155419562681
157560.0 -7624.254176446145
157820.0 -7641.354791639373
158080.0 -7658.4558631233185
158340.0 -7675.555974184431
158600.0 -7692.65369335954
158860.0 -7709.747574380705
159120.0 -7726.836156120087
159380.0 -7743.917962534801
159640.0 -7760.9915026117915
159900.0 -7778.055270312695
160160.0 -7795.107744518695
160420.0 -7812.147388975382
160680.0 -7829.172652237644
160940.0 -7846.181967614496
161200.0 -7863.173753113962
161460.0 -7880.146411387938
161720.0 -7897.098329677048
161980.0 -7914.027879755515
162240.0 -7930.9334178760155
162500.0 -7947.813284714556
162760.0 -7964.665805315328
163020.0 -7981.489289035563
163280.0 -7998.282029490419
163540.0 -8015.042304497821
163800.0 -8031.768376023334
164060.0 -8048.458490125032
164320.0 -8065.11087689835
164580.0 -8081.723750420958
164840.0 -8098.295308697613
165100.0 -8114.823733605037
165360.0 -8131.307190836765
165620.0 -8147.7438298480165
165880.0 -8164.131783800566
166140.0 -8180.469169507592
166400.0 -8196.754087378544
166660.0 -8212.984621364021
166920.0 -8229.158838900606
167180.0 -8245.274790855763
167440.0 -8261.330511472679
167700.0 -8277.324018315121
167960.0 -8293.253312212328
168220.0 -8309.116377203842
168480.0 -8324.911180484401
168740.0 -8340.635672348775
169000.0 -8356.287786136658
169260.0 -8371.865438177489
169520.0 -8387.36652773538
169780.0 -8402.788936953904
170040.0 -8418.130530801023
170300.0 -8433.389157013915
170560.0 -8448.56264604385
170820.0 -8463.648811001038
171080.0 -8478.645447599529
171340.0 -8493.550334102029
171600.0 -8508.361231264798
171860.0 -8523.075882282503
172120.0 -8537.69201273308
172380.0 -8552.207330522593
172640.0 -8566.61952583011
172900.0 -8580.926271052556
173160.0 -8595.12522074958
173420.0 -8609.214011588414
173680.0 -8623.190262288746
173940.0 -8637.051573567574
174200.0 -8650.795528084076
174460.0 -8664.419690384471
174720.0 -8677.92160684688
174980.0 -8691.298805626193
175240.0 -8704.548796598932
175500.0 -8717.6690713081
175760.0 -8730.65710290809
176020.0 -8743.510346109484
176280.0 -8756.22623712396
176540.0 -8768.802193609145
176800.0 -8781.235614613488
177060.0 -8793.523880521092
177320.0 -8805.664352996619
177580.0 -8817.654374930122
177840.0 -8829.49127038191
178100.0 -8841.172344527446
178360.0 -8852.694883602166
178620.0 -8864.056154846368
178880.0 -8875.253406450063
179140.0 -8886.283867497861
179400.0 -8897.144747913797
179660.0 -8907.83323840623
179920.0 -8918.346510412686
180180.0 -8928.681716044734
180440.0 -8938.835988032833
180700.0 -8948.806439671209
180960.0 -8958.590164762723
181220.0 -8968.184237563708
181480.0 -8977.58571272887
181740.0 -8986.791625256123
182000.0 -8995.798990431456
182260.0 -9004.604803773815
182520.0 -9013.206040979947
182780.0 -9021.599657869263
183040.0 -9029.782590328718
183300.0 -9037.751754257655
183560.0 -9045.504045512695
183820.0 -9053.036339852568
184080.0 -9060.34549288299
184340.0 -9067.428340001545
184600.0 -9074.281696342518
184860.0 -9080.902356721776
185120.0 -9087.287095581625
185380.0 -9093.432666935681
185640.0 -9099.335804313734
185900.0 -9104.99322070659
186160.0 -9110.40160851096
186420.0 -9115.557639474315
186680.0 -9120.45796463975
186940.0 -9125.099214290844
187200.0 -9129.477997896507
187460.0 -9133.590904055898
187720.0 -9137.434500443227
187980.0 -9141.00533375264
188240.0 -9144.299929643108
188500.0 -9147.31479268325
188760.0 -9150.046406296216
189020.0 -9152.49123270456
189280.0 -9154.645712875084
189540.0 -9156.506266463715
189800.0 -9158.069291760357
190060.0 -9159.331165633774
190320.0 -9160.288243476421
190580.0 -9160.936859149344
190840.0 -9161.27332492702
191100.0 -9161.29393144223
191360.0 -9160.994947630903
191620.0 -9160.372620677024
191880.0 -9159.423175957454
192140.0 -9158.142816986798
192400.0 -9156.527725362297
192660.0 -9154.57406070867
192920.0 -9152.27796062297
193180.0 -9149.635540619469
193440.0 -9146.642894074508
193700.0 -9143.29609217136
193960.0 -9139.5911838451
194220.0 -9135.52419572747
194480.0 -9131.091132091724
194740.0 -9126.287974797517
195000.0 -9121.110683235753
195260.0 -9115.555194273451
195520.0 -9109.617422198604
195780.0 -9103.293258665064
196040.0 -9096.578572637369
196300.0 -9089.469210335641
196560.0 -9081.96099518043
196820.0 -9074.049727737578
197080.0 -9065.731185663095
197340.0 -9057.001123648013
197600.0 -9047.85527336325
197860.0 -9038.289343404465
198120.0 -9028.299019236947
198380.0 -9017.879963140447
198640.0 -9007.02781415407
198900.0 -8995.738188021114
199160.0 -8984.006677133948
199420.0 -8971.828850478876
199680.0 -8959.200253580995
199940.0 -8946.116408449052
200200.0 -8932.57281352032
200460.0 -8918.56494360547
200720.0 -8904.088249833398
200980.0 -8889.138159596121
201240.0 -8873.71007649364
201500.0 -8857.799380278775
201760.0 -8841.401426802076
202020.0 -8824.51154795663
202280.0 -8807.125051622967
202540.0 -8789.237221613905
202800.0 -8770.843317619421
203060.0 -8751.938575151515
203320.0 -8732.518205489054
203580.0 -8712.577395622664
203840.0 -8692.11130819958
204100.0 -8671.115081468502
204360.0 -8649.583829224475
204620.0 -8627.51264075374
204880.0 -8604.896580778597
205140.0 -8581.730689402277
205400.0 -8558.009982053803
205660.0 -8533.729449432849
205920.0 -8508.884057454603
206180.0 -8483.468747194634
206440.0 -8457.478434833765
206700.0 -8430.908011602909
206960.0 -8403.752343727963
207220.0 -8376.006272374652
207480.0 -8347.664613593399
207740.0 -8318.72215826419
208000.0 -8289.173672041437
208260.0 -8259.013895298836
208520.0 -8228.237543074229
208780.0 -8196.839305014488
209040.0 -8164.813845320348
209300.0 -8132.155802691294
209560.0 -8098.859790270415
209820.0 -8064.920395589266
210080.0 -8030.332180512733
210340.0 -7995.089681183904
210600.0 -7959.187407968919
