0.0 -4621.83349609375
260.0 -4623.443722845726
520.0 -4625.053773258313
780.0 -4626.663470992127
1040.0 -4628.272639707779
1300.0 -4629.881103065881
1560.0 -4631.488684727045
1820.0 -4633.095208351887
2080.0 -4634.700497601016
2340.0 -4636.304376135047
2600.0 -4637.906667614591
2860.0 -4639.507195700263
3120.0 -4641.105784052673
3380.0 -4642.702256332434
3640.0 -4644.29643620016
3900.0 -4645.888147316463
4160.0 -4647.4772133419565
4420.0 -4649.063457937251
4680.0 -4650.646704762961
4940.0 -4652.226777479698
5200.0 -4653.803499748076
5460.0 -4655.376695228708
5720.0 -4656.9461875822035
5980.0 -4658.5118004691785
6240.0 -4660.073357550243
6500.0 -4661.630682486012
6760.0 -4663.183598937097
7020.0 -4664.73193056411
7280.0 -4666.275501027664
7540.0 -4667.814133988374
7800.0 -4669.347653106849
8060.0 -4670.875882043704
8320.0 -4672.398644459551
8580.0 -4673.915764015002
8840.0 -4675.427064370671
9100.0 -4676.93236918717
9360.0 -4678.4315021251105
9620.0 -4679.9242868451065
9880.0 -4681.410547007771
10140.0 -4682.890106273715
10400.0 -4684.362788303552
10660.0 -4685.828416757897
10920.0 -4687.286815297358
11180.0 -4688.737807582551
11440.0 -4690.1812172740865
11700.0 -4691.61686803258
11960.0 -4693.044583518641
12220.0 -4694.464187392885
12480.0 -4695.875503315922
12740.0 -4697.2783549483665
13000.0 -4698.67256595083
13260.0 -4700.057959983927
13520.0 -4701.434360708268
13780.0 -4702.801591784467
14040.0 -4704.159476873136
14300.0 -4705.507839634886
14560.0 -4706.846503730333
14820.0 -4708.175292820088
15080.0 -4709.494030564763
15340.0 -4710.802540624972
15600.0 -4712.100646661327
15860.0 -4713.38817233444
16120.0 -4714.664941304925
16380.0 -4715.930777233394
16640.0 -4717.185503780459
16900.0 -4718.428944606734
17160.0 -4719.6609233728295
17420.0 -4720.88126373936
17680.0 -4722.089789366938
17940.0 -4723.286323916176
18200.0 -4724.470691047685
18460.0 -4725.642714422081
18720.0 -4726.802217699974
18980.0 -4727.9490245419765
19240.0 -4729.082958608703
19500.0 -4730.203843560764
19760.0 -4731.311503058774
20020.0 -4732.405760763345
20280.0 -4733.486440335089
20540.0 -4734.55336543462
20800.0 -4735.60635972255
21060.0 -4736.645285730776
21320.0 -4737.670210654249
21580.0 -4738.681268805882
21840.0 -4739.678594537825
22100.0 -4740.662322202224
22360.0 -4741.632586151229
22620.0 -4742.5895207369895
22880.0 -4743.533260311653
23140.0 -4744.46393922737
23400.0 -4745.381691836288
23660.0 -4746.2866524905585
23920.0 -4747.178955542326
24180.0 -4748.058735343743
24440.0 -4748.926126246956
24700.0 -4749.781262604117
24960.0 -4750.624278767372
25220.0 -4751.455309088871
25480.0 -4752.274487920764
25740.0 -4753.081949615196
26000.0 -4753.87782852432
26260.0 -4754.6622590002835
26520.0 -4755.4353753952355
26780.0 -4756.197312061325
27040.0 -4756.948203350699
27300.0 -4757.68818361551
27560.0 -4758.417387207904
27820.0 -4759.13594848003
28080.0 -4759.844001784039
28340.0 -4760.5416814720775
28600.0 -4761.229121896296
28860.0 -4761.906457408843
29120.0 -4762.573822361866
29380.0 -4763.231351107517
29640.0 -4763.879177997942
29900.0 -4764.5174373852915
30160.0 -4765.146263621713
30420.0 -4765.765791059355
30680.0 -4766.37615405037
30940.0 -4766.977486946904
31200.0 -4767.569924101106
31460.0 -4768.153599865124
31720.0 -4768.72864859111
31980.0 -4769.29520463121
32240.0 -4769.853402337573
32500.0 -4770.403376062351
32760.0 -4770.945260157689
33020.0 -4771.479188975738
33280.0 -4772.005296868646
33540.0 -4772.523718188562
33800.0 -4773.034587287637
34060.0 -4773.538038518016
34320.0 -4774.034206231852
34580.0 -4774.523224781291
34840.0 -4775.005228518484
35100.0 -4775.480351795576
35360.0 -4775.9487289647195
35620.0 -4776.410494378064
35880.0 -4776.865782387755
36140.0 -4777.314727345944
36400.0 -4777.757463604779
36660.0 -4778.194125516409
36920.0 -4778.624847432984
37180.0 -4779.04976370665
37440.0 -4779.469008689559
37700.0 -4779.882716733858
37960.0 -4780.291022191696
38220.0 -4780.694059415223
38480.0 -4781.091962756586
38740.0 -4781.484866567937
39000.0 -4781.872905201421
39260.0 -4782.256213009191
39520.0 -4782.634924343393
39780.0 -4783.009173556176
40040.0 -4783.379094999691
40300.0 -4783.744823026083
40560.0 -4784.106491987506
40820.0 -4784.464236236105
41080.0 -4784.818190124031
41340.0 -4785.16848800343
41600.0 -4785.515264226454
41860.0 -4785.858683023142
42120.0 -4786.199117332894
42380.0 -4786.537029103265
42640.0 -4786.872880613122
42900.0 -4787.207134141339
43160.0 -4787.540251966787
43420.0 -4787.872696368336
43680.0 -4788.204929624856
43940.0 -4788.53741401522
44200.0 -4788.870611818298
44460.0 -4789.20498531296
44720.0 -4789.54099677808
44980.0 -4789.879108492525
45240.0 -4790.219782735168
45500.0 -4790.5634817848795
45760.0 -4790.910667920532
46020.0 -4791.2618034209945
46280.0 -4791.617350565138
46540.0 -4791.977771631833
46800.0 -4792.343528899953
47060.0 -4792.715084648366
47320.0 -4793.092901155944
47580.0 -4793.477440701558
47840.0 -4793.8691655640805
48100.0 -4794.26853802238
48360.0 -4794.676020355329
48620.0 -4795.092074841797
48880.0 -4795.517163760655
49140.0 -4795.951749390777
49400.0 -4796.39629401103
49660.0 -4796.851259900287
49920.0 -4797.3171093374185
50180.0 -4797.794304601295
50440.0 -4798.283307970788
50700.0 -4798.784581724768
50960.0 -4799.298588142106
51220.0 -4799.825789501673
51480.0 -4800.366648082341
51740.0 -4800.92162616298
52000.0 -4801.49118602246
52260.0 -4802.075789939653
52520.0 -4802.6759001934315
52780.0 -4803.291979062663
53040.0 -4803.92448882622
53300.0 -4804.573891762973
53560.0 -4805.240650151795
53820.0 -4805.925226271555
54080.0 -4806.628082401125
54340.0 -4807.349680819373
54600.0 -4808.090483805174
54860.0 -4808.850953637397
55120.0 -4809.631552594912
55380.0 -4810.432742956592
55640.0 -4811.254987001306
55900.0 -4812.098747007928
56160.0 -4812.964485255325
56420.0 -4813.85266402237
56680.0 -4814.763745587933
56940.0 -4815.698192230886
57200.0 -4816.656466230101
57460.0 -4817.639029864446
57720.0 -4818.6463454127925
57980.0 -4819.678875154013
58240.0 -4820.737081366979
58500.0 -4821.821426330558
58760.0 -4822.932372323625
59020.0 -4824.070381625048
59280.0 -4825.2359165136995
59540.0 -4826.42943926845
59800.0 -4827.65141216817
60060.0 -4828.90229749173
60320.0 -4830.182557518002
60580.0 -4831.492654525856
60840.0 -4832.833050794165
61100.0 -4834.204208601797
61360.0 -4835.606590227626
61620.0 -4837.04065795052
61880.0 -4838.506874049351
62140.0 -4840.005700802991
62400.0 -4841.53760049031
62660.0 -4843.102978357028
62920.0 -4844.701702317689
63180.0 -4846.333345253643
63440.0 -4847.9974770031195
63700.0 -4849.693667404345
63960.0 -4851.42148629555
64220.0 -4853.1805035149555
64480.0 -4854.970288900791
64740.0 -4856.790412291286
65000.0 -4858.640443524663
65260.0 -4860.519952439153
65520.0 -4862.428508872981
65780.0 -4864.365682664375
66040.0 -4866.331043651559
66300.0 -4868.324161672765
66560.0 -4870.3446065662165
66820.0 -4872.3919481701405
67080.0 -4874.465756322765
67340.0 -4876.565600862316
67600.0 -4878.691051627023
67860.0 -4880.84167845511
68120.0 -4883.0170511848055
68380.0 -4885.216739654336
68640.0 -4887.440313701928
68900.0 -4889.6873431658105
69160.0 -4891.957397884208
69420.0 -4894.25004769535
69680.0 -4896.564862437461
69940.0 -4898.901411948769
70200.0 -4901.259266067503
70460.0 -4903.637994631886
70720.0 -4906.037167480147
70980.0 -4908.4563544505145
71240.0 -4910.895125381214
71500.0 -4913.353050110471
71760.0 -4915.829698476515
72020.0 -4918.324640317572
72280.0 -4920.837445471869
72540.0 -4923.367683777632
72800.0 -4925.91492507309
73060.0 -4928.478739196469
73320.0 -4931.058695985997
73580.0 -4933.654365279897
73840.0 -4936.265316916401
74100.0 -4938.891120733734
74360.0 -4941.531346570121
74620.0 -4944.185564263793
74880.0 -4946.853343652974
75140.0 -4949.534254575892
75400.0 -4952.227866870773
75660.0 -4954.933750375847
75920.0 -4957.651474929337
76180.0 -4960.380610369472
76440.0 -4963.120726534479
76700.0 -4965.871393262585
76960.0 -4968.632180392017
77220.0 -4971.402657761
77480.0 -4974.182395207766
77740.0 -4976.970962570536
78000.0 -4979.76792968754
78260.0 -4982.572866397006
78520.0 -4985.385342537159
78780.0 -4988.204927946227
79040.0 -4991.031192462436
79300.0 -4993.863705924014
79560.0 -4996.702038169187
79820.0 -4999.545759036184
80080.0 -5002.394438363229
80340.0 -5005.247645988552
80600.0 -5008.104951750378
80860.0 -5010.965925486935
81120.0 -5013.830137036449
81380.0 -5016.697156237148
81640.0 -5019.566552927257
81900.0 -5022.437896945006
82160.0 -5025.310758128621
82420.0 -5028.184706316327
82680.0 -5031.059311346354
82940.0 -5033.934143056927
83200.0 -5036.808771286273
83460.0 -5039.6828087854865
83720.0 -5042.556428481386
83980.0 -5045.430196124001
84240.0 -5048.304685578622
84500.0 -5051.180470710538
84760.0 -5054.0581253850405
85020.0 -5056.938223467418
85280.0 -5059.821338822962
85540.0 -5062.708045316964
85800.0 -5065.59891681471
86060.0 -5068.494527181494
86320.0 -5071.395450282604
86580.0 -5074.302259983332
86840.0 -5077.215530148967
87100.0 -5080.1358346448
87360.0 -5083.06374733612
87620.0 -5085.999842088217
87880.0 -5088.944692766383
88140.0 -5091.898873235907
88400.0 -5094.862957362078
88660.0 -5097.83751901019
88920.0 -5100.823132045528
89180.0 -5103.820370333386
89440.0 -5106.829807739053
89700.0 -5109.852018127819
89960.0 -5112.887575364975
90220.0 -5115.93705331581
90480.0 -5119.001025845615
90740.0 -5122.08006681968
91000.0 -5125.174750103294
91260.0 -5128.28564956175
91520.0 -5131.413339060335
91780.0 -5134.558392464341
92040.0 -5137.721383639058
92300.0 -5140.902886449776
92560.0 -5144.103474761784
92820.0 -5147.323722440375
93080.0 -5150.5642033508375
93340.0 -5153.825491358461
93600.0 -5157.1081603285365
93860.0 -5160.4127841263535
94120.0 -5163.739936617203
94380.0 -5167.090191666375
94640.0 -5170.46412313916
94900.0 -5173.8623049008465
95160.0 -5177.285310816726
95420.0 -5180.73371475209
95680.0 -5184.208090572226
95940.0 -5187.709012142426
96200.0 -5191.237053327981
96460.0 -5194.792787994178
96720.0 -5198.376790006309
96980.0 -5201.989633229665
97240.0 -5205.631891529536
97500.0 -5209.304138771209
97760.0 -5213.006948819979
98020.0 -5216.740895541133
98280.0 -5220.506552799962
98540.0 -5224.304494461757
98800.0 -5228.135294391806
99060.0 -5231.999526455402
99320.0 -5235.897764517834
99580.0 -5239.8305824443905
99840.0 -5243.798554100364
100100.0 -5247.802253351044
100360.0 -5251.84225406172
100620.0 -5255.919130097683
100880.0 -5260.033455324222
101140.0 -5264.185803606629
101400.0 -5268.376748810192
101660.0 -5272.606864800204
101920.0 -5276.876725441952
102180.0 -5281.186904600729
102440.0 -5285.5379761418235
102700.0 -5289.930513930526
102960.0 -5294.365091832127
103220.0 -5298.842283711916
103480.0 -5303.362663435183
103740.0 -5307.92680486722
104000.0 -5312.535281873315
104260.0 -5317.188658199742
104520.0 -5321.887306843171
104780.0 -5326.631430817405
105040.0 -5331.421227187872
105300.0 -5336.256893020005
105560.0 -5341.138625379234
105820.0 -5346.0666213309905
106080.0 -5351.041077940704
106340.0 -5356.0621922738055
106600.0 -5361.130161395728
106860.0 -5366.245182371901
107120.0 -5371.407452267755
107380.0 -5376.617168148722
107640.0 -5381.874527080231
107900.0 -5387.179726127714
108160.0 -5392.532962356602
108420.0 -5397.934432832327
108680.0 -5403.384334620318
108940.0 -5408.882864786006
109200.0 -5414.430220394825
109460.0 -5420.026598512201
109720.0 -5425.672196203567
109980.0 -5431.367210534355
110240.0 -5437.111838569996
110500.0 -5442.906277375919
110760.0 -5448.750724017556
111020.0 -5454.645375560337
111280.0 -5460.5904290696935
111540.0 -5466.586081611057
111800.0 -5472.632530249858
112060.0 -5478.7299720515275
112320.0 -5484.878604081496
112580.0 -5491.078623405194
112840.0 -5497.330227088053
113100.0 -5503.633612195504
113360.0 -5509.988975792978
113620.0 -5516.396514945905
113880.0 -5522.856426719716
114140.0 -5529.368908179844
114400.0 -5535.934156391717
114660.0 -5542.5523684207665
114920.0 -5549.223741332425
115180.0 -5555.948472192123
115440.0 -5562.72675806529
115700.0 -5569.558796017356
115960.0 -5576.444783113756
116220.0 -5583.384916419916
116480.0 -5590.379393001272
116740.0 -5597.428409923251
117000.0 -5604.5321642512845
117260.0 -5611.690853050804
117520.0 -5618.904673387241
117780.0 -5626.173822326026
118040.0 -5633.498496932589
118300.0 -5640.878894272361
118560.0 -5648.315211410774
118820.0 -5655.80764541326
119080.0 -5663.356393345246
119340.0 -5670.961652272165
119600.0 -5678.623619259448
119860.0 -5686.342491372526
120120.0 -5694.118465676831
120380.0 -5701.951739237791
120640.0 -5709.842509120839
120900.0 -5717.790972391405
121160.0 -5725.79732611492
121420.0 -5733.861767356816
121680.0 -5741.984493182524
121940.0 -5750.1657006574715
122200.0 -5758.405586847094
122460.0 -5766.704348816818
122720.0 -5775.062183632078
122980.0 -5783.479288358303
123240.0 -5791.955860060924
123500.0 -5800.4920958053735
123760.0 -5809.088192657079
124020.0 -5817.744347681476
124280.0 -5826.460757943991
124540.0 -5835.237620510057
124800.0 -5844.075132445106
125060.0 -5852.973476754555
125320.0 -5861.932428698132
125580.0 -5870.951302556458
125840.0 -5880.029387853191
126100.0 -5889.165974111985
126360.0 -5898.360350856491
126620.0 -5907.611807610366
126880.0 -5916.919633897263
127140.0 -5926.283119240838
127400.0 -5935.701553164743
127660.0 -5945.1742251926335
127920.0 -5954.700424848164
128180.0 -5964.279441654988
128440.0 -5973.91056513676
128700.0 -5983.593084817134
128960.0 -5993.326290219765
129220.0 -6003.109470868308
129480.0 -6012.941916286414
129740.0 -6022.82291599774
130000.0 -6032.75175952594
130260.0 -6042.727736394668
130520.0 -6052.750136127577
130780.0 -6062.818248248324
131040.0 -6072.931362280561
131300.0 -6083.088767747943
131560.0 -6093.289754174124
131820.0 -6103.533611082758
132080.0 -6113.819627997499
132340.0 -6124.147094442003
132600.0 -6134.515299939924
132860.0 -6144.923534014914
133120.0 -6155.371086190629
133380.0 -6165.857245990723
133640.0 -6176.381302938849
133900.0 -6186.9425465586655
134160.0 -6197.540266373822
134420.0 -6208.173751907974
134680.0 -6218.842292684776
134940.0 -6229.545178227882
135200.0 -6240.281698060948
135460.0 -6251.051141707626
135720.0 -6261.852798691573
135980.0 -6272.685958536441
136240.0 -6283.549910765883
136500.0 -6294.443944903556
136760.0 -6305.367350473113
137020.0 -6316.319416998209
137280.0 -6327.299434002498
137540.0 -6338.306691009633
137800.0 -6349.34047754327
138060.0 -6360.400083127061
138320.0 -6371.484797284664
138580.0 -6382.59390953973
138840.0 -6393.726709415915
139100.0 -6404.882486436871
139360.0 -6416.060530126255
139620.0 -6427.260130007719
139880.0 -6438.48057560492
140140.0 -6449.721156441508
140400.0 -6460.981162041143
140660.0 -6472.259881927474
140920.0 -6483.556605624158
141180.0 -6494.870622654848
141440.0 -6506.201222543199
141700.0 -6517.547694812865
141960.0 -6528.909328987501
142220.0 -6540.285414590761
142480.0 -6551.675241146298
142740.0 -6563.078098177766
143000.0 -6574.4932752088225
143260.0 -6585.920061763118
143520.0 -6597.35774736431
143780.0 -6608.805621536049
144040.0 -6620.262973801993
144300.0 -6631.729093685794
144560.0 -6643.203270711107
144820.0 -6654.684794401586
145080.0 -6666.172954280886
145340.0 -6677.667039872661
145600.0 -6689.1663407005635
145860.0 -6700.670200367642
146120.0 -6712.180629553857
146380.0 -6723.703471087398
146640.0 -6735.24486452828
146900.0 -6746.810949436517
147160.0 -6758.407865372124
147420.0 -6770.041751895115
147680.0 -6781.718748565506
147940.0 -6793.44499494331
148200.0 -6805.226630588541
148460.0 -6817.069795061216
148720.0 -6828.980627921346
148980.0 -6840.965268728949
149240.0 -6853.029857044036
149500.0 -6865.180532426625
149760.0 -6877.423434436727
150020.0 -6889.76470263436
150280.0 -6902.210476579536
150540.0 -6914.76689583227
150800.0 -6927.440099952578
151060.0 -6940.236228500472
151320.0 -6953.161421035969
151580.0 -6966.221817119081
151840.0 -6979.423556309825
152100.0 -6992.772778168212
152360.0 -7006.27562225426
152620.0 -7019.938228127984
152880.0 -7033.766735349394
153140.0 -7047.76728347851
153400.0 -7061.946012075341
153660.0 -7076.309060699905
153920.0 -7090.862568912216
154180.0 -7105.612676272288
154440.0 -7120.565522340137
154700.0 -7135.727246675774
154960.0 -7151.103988839217
155220.0 -7166.701888390479
155480.0 -7182.527084889575
155740.0 -7198.585717896519
156000.0 -7214.8839269713235
156260.0 -7231.427851674009
156520.0 -7248.223631564582
156780.0 -7265.277406203065
157040.0 -7282.595315149466
157300.0 -7300.183497963804
157560.0 -7318.048094206089
157820.0 -7336.195243436341
158080.0 -7354.63108521457
158340.0 -7373.361759100793
158600.0 -7392.393404655022
158860.0 -7411.732161437274
159120.0 -7431.384169007562
159380.0 -7451.355566925902
159640.0 -7471.652494752308
159900.0 -7492.281092046792
160160.0 -7513.247498369372
160420.0 -7534.557853280061
160680.0 -7556.218296338873
160940.0 -7578.234967105824
161200.0 -7600.614005140926
161460.0 -7623.361550004196
161720.0 -7646.483741255647
161980.0 -7669.986718455295
162240.0 -7693.876621163152
162500.0 -7718.159588939235
162760.0 -7742.841761343558
163020.0 -7767.929277936133
163280.0 -7793.428278276978
163540.0 -7819.344901926105
163800.0 -7845.685288443531
164060.0 -7872.455577389268
164320.0 -7899.661908323332
164580.0 -7927.310420805735
164840.0 -7955.407254396496
165100.0 -7983.958548655624
165360.0 -8012.970443143138
165620.0 -8042.449077419052
165880.0 -8072.400591043378
166140.0 -8102.831123576132
166400.0 -8133.746814577328
166660.0 -8165.153715200972
166920.0 -8197.049082457825
167180.0 -8229.414032195882
167440.0 -8262.22795032688
167700.0 -8295.470222762551
167960.0 -8329.120235414628
168220.0 -8363.157374194843
168480.0 -8397.561025014928
168740.0 -8432.310573786614
169000.0 -8467.385406421636
169260.0 -8502.764908831728
169520.0 -8538.42846692862
169780.0 -8574.355466624045
170040.0 -8610.525293829736
170300.0 -8646.917334457426
170560.0 -8683.510974418847
170820.0 -8720.285599625731
171080.0 -8757.220595989813
171340.0 -8794.295349422822
171600.0 -8831.489245836494
171860.0 -8868.78167114256
172120.0 -8906.152011252752
172380.0 -8943.579652078806
172640.0 -8981.04397953245
172900.0 -9018.52437952542
173160.0 -9056.000237969443
173420.0 -9093.45094077626
173680.0 -9130.855873857598
173940.0 -9168.194423125193
174200.0 -9205.445974490774
174460.0 -9242.589913866073
174720.0 -9279.60562716283
174980.0 -9316.472500292768
175240.0 -9353.169919167627
175500.0 -9389.677269699136
175760.0 -9425.973937799028
176020.0 -9462.039309379035
176280.0 -9497.85277035089
176540.0 -9533.393706626328
176800.0 -9568.641504117079
177060.0 -9603.575548734876
177320.0 -9638.17522639145
177580.0 -9672.419922998539
177840.0 -9706.28902446787
178100.0 -9739.761916711179
178360.0 -9772.817985640197
178620.0 -9805.436617166655
178880.0 -9837.597197202289
179140.0 -9869.279111658829
179400.0 -9900.46174644801
179660.0 -9931.124487481564
179920.0 -9961.246720671223
180180.0 -9990.807831928716
180440.0 -10019.787207165782
180700.0 -10048.164232294152
180960.0 -10075.918293225557
181220.0 -10103.028775871728
181480.0 -10129.4750661444
181740.0 -10155.236549955305
182000.0 -10180.292613216176
182260.0 -10204.622641838747
182520.0 -10228.206021734748
182780.0 -10251.02213881591
183040.0 -10273.05037899397
183300.0 -10294.27012818066
183560.0 -10314.660772287709
183820.0 -10334.201697226854
184080.0 -10352.872288909826
184340.0 -10370.651933248357
184600.0 -10387.520016154178
184860.0 -10403.455923539022
185120.0 -10418.439041314628
185380.0 -10432.448755392721
185640.0 -10445.464451685035
185900.0 -10457.465516103306
186160.0 -10468.431334559262
186420.0 -10478.34129296464
186680.0 -10487.174777231172
186940.0 -10494.911173270586
187200.0 -10501.52986699462
187460.0 -10507.010278523812
187720.0 -10511.341398847688
187980.0 -10514.534842497453
188240.0 -10516.60549208391
188500.0 -10517.568230217872
188760.0 -10517.437939510144
189020.0 -10516.22950257154
189280.0 -10513.957802012863
189540.0 -10510.637720444922
189800.0 -10506.284140478529
190060.0 -10500.911944724488
190320.0 -10494.53601579361
190580.0 -10487.171236296703
190840.0 -10478.832488844575
191100.0 -10469.534656048036
191360.0 -10459.292620517888
191620.0 -10448.121264864949
191880.0 -10436.03547170002
192140.0 -10423.050123633915
192400.0 -10409.180103277435
192660.0 -10394.440293241396
192920.0 -10378.845576136602
193180.0 -10362.410834573864
193440.0 -10345.150951163989
193700.0 -10327.080808517785
193960.0 -10308.215289246058
194220.0 -10288.569275959622
194480.0 -10268.157651269285
194740.0 -10246.995297785848
195000.0 -10225.097098120126
195260.0 -10202.477934882927
195520.0 -10179.15269068506
195780.0 -10155.136248137327
196040.0 -10130.443489850542
196300.0 -10105.089298435514
196560.0 -10079.088556503051
196820.0 -10052.456146663957
197080.0 -10025.206951529046
197340.0 -9997.355853709121
197600.0 -9968.917735814997
197860.0 -9939.907480457478
198120.0 -9910.33997024737
198380.0 -9880.230087795486
198640.0 -9849.592715712633
198900.0 -9818.44273660962
199160.0 -9786.795033097253
199420.0 -9754.664487786342
199680.0 -9722.065983287697
199940.0 -9689.014402212126
200200.0 -9655.524627170433
200460.0 -9621.61154077343
200720.0 -9587.290025631926
200980.0 -9552.574964356729
201240.0 -9517.481239558645
201500.0 -9482.023733848486
201760.0 -9446.21732983706
202020.0 -9410.07691013517
202280.0 -9373.617357353629
202540.0 -9336.853554103247
202800.0 -9299.80038299483
203060.0 -9262.472726639184
203320.0 -9224.885467647122
203580.0 -9187.053488629448
203840.0 -9148.991672196977
204100.0 -9110.71490096051
204360.0 -9072.23805753086
204620.0 -9033.57602451883
204880.0 -8994.743684535237
205140.0 -8955.755920190883
205400.0 -8916.627614096577
205660.0 -8877.373648863128
205920.0 -8838.008907101348
206180.0 -8798.54827142204
206440.0 -8759.006624436013
206700.0 -8719.39884875408
206960.0 -8679.739826987045
207220.0 -8640.044441745718
207480.0 -8600.327575640908
207740.0 -8560.604111283421
208000.0 -8520.888931284067
208260.0 -8481.196916492181
208520.0 -8441.539658863807
208780.0 -8401.918637218534
209040.0 -8362.333392889572
209300.0 -8322.78346721013
209560.0 -8283.268401513418
209820.0 -8243.787737132645
210080.0 -8204.34101540102
210340.0 -8164.9277776517565
210600.0 -8125.54756521806
210860.0 -8086.199919433145
211120.0 -8046.884381630216
211380.0 -8007.600493142486
211640.0 -7968.347795303163
211900.0 -7929.125829445459
212160.0 -7889.9341369025815
212420.0 -7850.772259007741
212680.0 -7811.639737094148
212940.0 -7772.536112495011
213200.0 -7733.460926543541
213460.0 -7694.413720572947
213720.0 -7655.394035916439
213980.0 -7616.401413907226
214240.0 -7577.435395878519
214500.0 -7538.495523163525
214760.0 -7499.581337095458
215020.0 -7460.692379007525
215280.0 -7421.828190232936
215540.0 -7382.988312104901
215800.0 -7344.17228595663
216060.0 -7305.379653121333
216320.0 -7266.609954932218
216580.0 -7227.862732722498
216840.0 -7189.137527825379
217100.0 -7150.433881574073
217360.0 -7111.751335301789
217620.0 -7073.089430341737
217880.0 -7034.447708027126
218140.0 -6995.825709691168
218400.0 -6957.222976667071
218660.0 -6918.639050288043
218920.0 -6880.073471887298
219180.0 -6841.525782798043
219440.0 -6802.995524353488
219700.0 -6764.482237886842
219960.0 -6725.985464731317
220220.0 -6687.504746220119
220480.0 -6649.039623686463
220740.0 -6610.589638463554
221000.0 -6572.154331884604
221260.0 -6533.733245282824
221520.0 -6495.32591999142
221780.0 -6456.931897343605
222040.0 -6418.550718672587
222300.0 -6380.181925311576
222560.0 -6341.825058593783
222820.0 -6303.479659852416
223080.0 -6265.145270420687
223340.0 -6226.8214316318035
223600.0 -6188.507684818976
223860.0 -6150.203571315414
224120.0 -6111.908632454328
224380.0 -6073.622409568927
224640.0 -6035.344443992421
224900.0 -5997.07427705802
225160.0 -5958.811450098933
225420.0 -5920.555504448371
225680.0 -5882.305981439542
225940.0 -5844.062422405657
226200.0 -5805.824368679925
226460.0 -5767.591361595557
226720.0 -5729.362942485763
226980.0 -5691.1386526837505
227240.0 -5652.918033522731
227500.0 -5614.7006263359135
227760.0 -5576.485972456507
228020.0 -5538.273613217722
228280.0 -5500.06308995277
228540.0 -5461.853943994859
228800.0 -5423.645716677199
229060.0 -5385.3291015625
