0.0 -4621.83349609375
260.0 -4626.953870598412
520.0 -4631.948780937634
780.0 -4636.820077850332
1040.0 -4641.569598540268
1300.0 -4646.199166684712
1560.0 -4650.710592443832
1820.0 -4655.105672470731
2080.0 -4659.386189922192
2340.0 -4663.553914470081
2600.0 -4667.610602313434
2860.0 -4671.557996191235
3120.0 -4675.397825395801
3380.0 -4679.131805786901
3640.0 -4682.761639806475
3900.0 -4686.289016494043
4160.0 -4689.715611502757
4420.0 -4693.043087116084
4680.0 -4696.273092265147
4940.0 -4699.407262546706
5200.0 -4702.447220241754
5460.0 -4705.394574334793
5720.0 -4708.25092053367
5980.0 -4711.017841290083
6240.0 -4713.696905820702
6500.0 -4716.289670128873
6760.0 -4718.797677027009
7020.0 -4721.222456159459
7280.0 -4723.565524026151
7540.0 -4725.828384006683
7800.0 -4728.012526385091
8060.0 -4730.119428375193
8320.0 -4732.15055414653
8580.0 -4734.107354850854
8840.0 -4735.991268649253
9100.0 -4737.803720739796
9360.0 -4739.546123385828
9620.0 -4741.2198759447265
9880.0 -4742.826364897324
10140.0 -4744.366963877845
10400.0 -4745.843033704386
10660.0 -4747.255922409994
10920.0 -4748.606965274268
11180.0 -4749.897484855508
11440.0 -4751.128791023387
11700.0 -4752.302180992221
11960.0 -4753.4189393547
12220.0 -4754.480338116224
12480.0 -4755.48763672969
12740.0 -4756.442082130834
13000.0 -4757.344908774151
13260.0 -4758.197338669216
13520.0 -4759.000581417609
13780.0 -4759.7558342503025
14040.0 -4760.464282065571
14300.0 -4761.127097467387
14560.0 -4761.745440804339
14820.0 -4762.320460208986
15080.0 -4762.85329163776
15340.0 -4763.345058911359
15600.0 -4763.796873755516
15860.0 -4764.209835842393
16120.0 -4764.585032832324
16380.0 -4764.923540416108
16640.0 -4765.22642235772
16900.0 -4765.494730537492
17160.0 -4765.729504995776
17420.0 -4765.931773977035
17680.0 -4766.102553974379
17940.0 -4766.242849774568
18200.0 -4766.353654503456
18460.0 -4766.435949671837
18720.0 -4766.490705221796
18980.0 -4766.518879573385
19240.0 -4766.521419671826
19500.0 -4766.499261035104
19760.0 -4766.453327801944
20020.0 -4766.384532780232
20280.0 -4766.293777495868
20540.0 -4766.181952241971
20800.0 -4766.049936128535
21060.0 -4765.898597132486
21320.0 -4765.728792148059
21580.0 -4765.541367037688
21840.0 -4765.3371566831665
22100.0 -4765.11698503728
22360.0 -4764.881665175757
22620.0 -4764.631999349637
22880.0 -4764.368779037981
23140.0 -4764.092785000984
23400.0 -4763.804787333398
23660.0 -4763.505545518378
23920.0 -4763.195808481658
24180.0 -4762.876314646042
24440.0 -4762.547791986317
24700.0 -4762.210958084456
24960.0 -4761.866520185176
25220.0 -4761.51517525185
25480.0 -4761.157610022726
25740.0 -4760.794501067486
26000.0 -4760.426514844152
26260.0 -4760.054307756282
26520.0 -4759.6785262104795
26780.0 -4759.2998066742775
27040.0 -4758.918775734243
27300.0 -4758.536050154472
27560.0 -4758.152236935313
27820.0 -4757.767933372466
28080.0 -4757.383727116303
28340.0 -4757.00019623152
28600.0 -4756.617909257077
28860.0 -4756.237425266409
29120.0 -4755.859293927915
29380.0 -4755.4840555657165
29640.0 -4755.112241220724
29900.0 -4754.744372711922
30160.0 -4754.380962697948
30420.0 -4754.022514738929
30680.0 -4753.6695233585615
30940.0 -4753.32247410645
31200.0 -4752.9818436207015
31460.0 -4752.648099690757
31720.0 -4752.321701320459
31980.0 -4752.0030987913715
32240.0 -4751.692733726307
32500.0 -4751.391039153109
32760.0 -4751.098439568646
33020.0 -4750.815351003031
33280.0 -4750.542181084048
33540.0 -4750.2793291018215
33800.0 -4750.027186073644
34060.0 -4749.7861348090655
34320.0 -4749.556549975147
34580.0 -4749.3387981619335
34840.0 -4749.1332379480955
35100.0 -4748.940219966795
35360.0 -4748.760086971707
35620.0 -4748.593173903254
35880.0 -4748.4398079549765
36140.0 -4748.3003086401295
36400.0 -4748.174987858401
36660.0 -4748.0641499628455
36920.0 -4747.9680918269305
37180.0 -4747.887102911783
37440.0 -4747.821465333578
37700.0 -4747.771453931066
37960.0 -4747.737336333266
38220.0 -4747.719373027296
38480.0 -4747.717817426343
38740.0 -4747.732915937764
39000.0 -4747.764908031323
39260.0 -4747.814026307575
39520.0 -4747.8804965663285
39780.0 -4747.964537875291
40040.0 -4748.066362638761
40300.0 -4748.186176666508
40560.0 -4748.324179242692
40820.0 -4748.480563194929
41080.0 -4748.65551496346
41340.0 -4748.8492146703875
41600.0 -4749.061836189037
41860.0 -4749.293547213389
42120.0 -4749.544509327599
42380.0 -4749.814878075616
42640.0 -4750.104803030855
42900.0 -4750.414427865953
43160.0 -4750.743890422611
43420.0 -4751.093322781478
43680.0 -4751.462851332103
43940.0 -4751.85259684298
44200.0 -4752.262674531573
44460.0 -4752.693194134488
44720.0 -4753.144259977598
44980.0 -4753.615971046296
45240.0 -4754.108421055711
45500.0 -4754.621698521019
45760.0 -4755.155886827759
46020.0 -4755.711064302174
46280.0 -4756.2873042815845
46540.0 -4756.884675184782
46800.0 -4757.503240582434
47060.0 -4758.1430592675015
47320.0 -4758.804185325683
47580.0 -4759.486668205817
47840.0 -4760.1905527903555
48100.0 -4760.915879465754
48360.0 -4761.662684192923
48620.0 -4762.430998577633
48880.0 -4763.220849940911
49140.0 -4764.032261389418
49400.0 -4764.865251885804
49660.0 -4765.719836319063
49920.0 -4766.596025574788
50180.0 -4767.493826605483
50440.0 -4768.413242500759
50700.0 -4769.354272557543
50960.0 -4770.316912350205
51220.0 -4771.30115380065
51480.0 -4772.306985248367
51740.0 -4773.334391520402
52000.0 -4774.383354001268
52260.0 -4775.453850702826
52520.0 -4776.545856334047
52780.0 -4777.659342370734
53040.0 -4778.794277125154
53300.0 -4779.950625815603
53560.0 -4781.128350635872
53820.0 -4782.327410824629
54080.0 -4783.547762734707
54340.0 -4784.789359902312
54600.0 -4786.052153116108
54860.0 -4787.336090486212
55120.0 -4788.641117513072
55380.0 -4789.96717715626
55640.0 -4791.314209903104
55900.0 -4792.682153837239
56160.0 -4794.070944707028
56420.0 -4795.480515993839
56680.0 -4796.910798980208
56940.0 -4798.36172281786
57200.0 -4799.833214595605
57460.0 -4801.325199407058
57720.0 -4802.837600418254
57980.0 -4804.370338935097
58240.0 -4805.923334470625
58500.0 -4807.496504812176
58760.0 -4809.089766088343
59020.0 -4810.7030328357805
59280.0 -4812.336218065848
59540.0 -4813.989233331078
59800.0 -4815.661988791445
60060.0 -4817.354393280492
60320.0 -4819.066354371245
60580.0 -4820.797778441932
60840.0 -4822.548570741544
61100.0 -4824.31863545516
61360.0 -4826.107875769103
61620.0 -4827.916193935873
61880.0 -4829.74349133887
62140.0 -4831.589668556924
62400.0 -4833.454625428594
62660.0 -4835.338261116249
62920.0 -4837.240474169921
63180.0 -4839.161162590951
63440.0 -4841.100223895377
63700.0 -4843.057555177104
63960.0 -4845.033053170831
64220.0 -4847.0266143147355
64480.0 -4849.038134812899
64740.0 -4851.067510697507
65000.0 -4853.114637890772
65260.0 -4855.179412266608
65520.0 -4857.26172971204
65780.0 -4859.361486188356
66040.0 -4861.478577791962
66300.0 -4863.612900815007
66560.0 -4865.764351805687
66820.0 -4867.932827628293
67080.0 -4870.118225522969
67340.0 -4872.320443165177
67600.0 -4874.5393787248595
67860.0 -4876.774930925342
68120.0 -4879.026999101868
68380.0 -4881.29548325991
68640.0 -4883.580284133102
68900.0 -4885.881303240908
69160.0 -4888.198442945935
69420.0 -4890.531606510964
69680.0 -4892.880698155626
69940.0 -4895.245623112768
70200.0 -4897.626287684478
70460.0 -4900.022599297774
70720.0 -4902.434466559971
70980.0 -4904.86179931367
71240.0 -4907.3045086914335
71500.0 -4909.762507170098
71760.0 -4912.235708624714
72020.0 -4914.72402838216
72280.0 -4917.2273832743695
72540.0 -4919.745691691191
72800.0 -4922.278873632899
73060.0 -4924.826850762302
73320.0 -4927.389546456491
73580.0 -4929.966885858208
73840.0 -4932.558795926813
74100.0 -4935.165205488863
74360.0 -4937.786045288327
74620.0 -4940.4212480363585
74880.0 -4943.0707484606955
75140.0 -4945.734483354644
75400.0 -4948.412391625666
75660.0 -4951.104414343536
75920.0 -4953.810494788083
76180.0 -4956.5305784965385
76440.0 -4959.264613310415
76700.0 -4962.0125494219865
76960.0 -4964.774339420345
77220.0 -4967.549938336983
77480.0 -4970.339303690974
77740.0 -4973.142395533683
78000.0 -4975.959176493051
78260.0 -4978.789611817395
78520.0 -4981.633669418801
78780.0 -4984.491319916003
79040.0 -4987.362536676846
79300.0 -4990.247295860251
79560.0 -4993.145576457712
79820.0 -4996.057360334346
80080.0 -4998.982632269417
80340.0 -5001.921379996419
80600.0 -5004.873594242658
80860.0 -5007.839268768338
81120.0 -5010.818400405142
81380.0 -5013.810989094368
81640.0 -5016.817037924473
81900.0 -5019.836553168211
82160.0 -5022.869544319177
82420.0 -5025.916024127893
82680.0 -5028.9760086373535
82940.0 -5032.049517218035
83200.0 -5035.13657260243
83460.0 -5038.237200918988
83720.0 -5041.351431725574
83980.0 -5044.479298042365
84240.0 -5047.62083638421
84500.0 -5050.776086792452
84760.0 -5053.945092866188
85020.0 -5057.127901793
85280.0 -5060.324564379098
85540.0 -5063.535135078927
85800.0 -5066.759672024216
86060.0 -5069.998237052423
86320.0 -5073.250895734645
86580.0 -5076.517717402936
86840.0 -5079.798775177051
87100.0 -5083.094145990594
87360.0 -5086.403910616611
87620.0 -5089.728153692545
87880.0 -5093.066963744632
88140.0 -5096.420433211686
88400.0 -5099.7886584682865
88660.0 -5103.17173984735
88920.0 -5106.569781662097
89180.0 -5109.98289222741
89440.0 -5113.411183880555
89700.0 -5116.8547730013115
89960.0 -5120.3137800314435
90220.0 -5123.788329493562
90480.0 -5127.2785500093505
90740.0 -5130.784574317149
91000.0 -5134.306539288892
91260.0 -5137.844585946415
91520.0 -5141.398859477099
91780.0 -5144.969509248882
92040.0 -5148.556688824569
92300.0 -5152.160555975546
92560.0 -5155.781272694776
92820.0 -5159.419005209138
93080.0 -5163.073923991124
93340.0 -5166.746203769817
93600.0 -5170.436023541224
93860.0 -5174.143566577898
94120.0 -5177.86902043789
94380.0 -5181.612576973007
94640.0 -5185.374432336368
94900.0 -5189.154786989252
95160.0 -5192.953845707286
95420.0 -5196.77181758586
95680.0 -5200.608916044891
95940.0 -5204.465358832829
96200.0 -5208.3413680299755
96460.0 -5212.237170051057
96720.0 -5216.152995647095
96980.0 -5220.089079906506
97240.0 -5224.045662255523
97500.0 -5228.022986457828
97760.0 -5232.021300613476
98020.0 -5236.040857157058
98280.0 -5240.081912855105
98540.0 -5244.144728802772
98800.0 -5248.229570419732
99060.0 -5252.33670744532
99320.0 -5256.466413932913
99580.0 -5260.618968243543
99840.0 -5264.794653038731
100100.0 -5268.9937552725505
100360.0 -5273.216566182902
100620.0 -5277.463381282026
100880.0 -5281.734500346174
101140.0 -5286.03022740457
101400.0 -5290.3508707274905
101660.0 -5294.696742813608
101920.0 -5299.068160376494
102180.0 -5303.465444330333
102440.0 -5307.888919774813
102700.0 -5312.338915979213
102960.0 -5316.815766365658
103220.0 -5321.319808491561
103480.0 -5325.851384031238
103740.0 -5330.410838756673
104000.0 -5334.998522517493
104260.0 -5339.614789220041
104520.0 -5344.259996805665
104780.0 -5348.934507228126
105040.0 -5353.638686430168
105300.0 -5358.372904319237
105560.0 -5363.137534742329
105820.0 -5367.93295545999
106080.0 -5372.759548119439
106340.0 -5377.617698226837
106600.0 -5382.507795118667
106860.0 -5387.430231932234
107120.0 -5392.385405575311
107380.0 -5397.373716694863
107640.0 -5402.39556964491
107900.0 -5407.451372453494
108160.0 -5412.541536788721
108420.0 -5417.666477923949
108680.0 -5422.826614702034
108940.0 -5428.022369498681
109200.0 -5433.254168184889
109460.0 -5438.522440088471
109720.0 -5443.827617954647
109980.0 -5449.170137905752
110240.0 -5454.550439399946
110500.0 -5459.968965189078
110760.0 -5465.426161275532
111020.0 -5470.922476868202
111280.0 -5476.458364337481
111540.0 -5482.034279169324
111800.0 -5487.650679918342
112060.0 -5493.3080281599605
112320.0 -5499.006788441618
112580.0 -5504.747428232979
112840.0 -5510.5304178752185
113100.0 -5516.35623052929
113360.0 -5522.225342123265
113620.0 -5528.138231298674
113880.0 -5534.095379355848
114140.0 -5540.097270198316
114400.0 -5546.144390276171
114660.0 -5552.237228528475
114920.0 -5558.3762763246405
115180.0 -5564.562027404837
115440.0 -5570.794977819369
115700.0 -5577.075625867063
115960.0 -5583.40447203263
116220.0 -5589.782018923006
116480.0 -5596.208771202708
116740.0 -5602.6852355281135
117000.0 -5609.211920480749
117260.0 -5615.789336499543
117520.0 -5622.417995812016
117780.0 -5629.098412364471
118040.0 -5635.831101751102
118300.0 -5642.616581142092
118560.0 -5649.4553692106165
118820.0 -5656.347986058844
119080.0 -5663.2949531428185
119340.0 -5670.29679319634
119600.0 -5677.354030153725
119860.0 -5684.467189071524
120120.0 -5691.636796049182
120380.0 -5698.863378148553
120640.0 -5706.1474633124235
120900.0 -5713.489580281876
121160.0 -5720.890258512605
121420.0 -5728.350028090115
121680.0 -5735.86941964383
121940.0 -5743.4489642601075
122200.0 -5751.089193394145
122460.0 -5758.7906387807525
122720.0 -5766.553832344057
122980.0 -5774.37930610606
123240.0 -5782.267592094059
123500.0 -5790.219222246995
123760.0 -5798.234728320618
124020.0 -5806.314641791551
124280.0 -5814.459493760217
124540.0 -5822.6698148525975
124800.0 -5830.946135120892
125060.0 -5839.288983942986
125320.0 -5847.698889920799
125580.0 -5856.176380777448
125840.0 -5864.72198325329
126100.0 -5873.336223000757
126360.0 -5882.019624478054
126620.0 -5890.772710841672
126880.0 -5899.596003837737
127140.0 -5908.490023692174
127400.0 -5917.455288999671
127660.0 -5926.4923166115
127920.0 -5935.601621522088
128180.0 -5944.783716754462
128440.0 -5954.039113244422
128700.0 -5963.368319723576
128960.0 -5972.771842601134
129220.0 -5982.250185844501
129480.0 -5991.803850858651
129740.0 -6001.433336364289
130000.0 -6011.139138274795
130260.0 -6020.921749571937
130520.0 -6030.781660180346
130780.0 -6040.719356840784
131040.0 -6050.735322982147
131300.0 -6060.830038592233
131560.0 -6071.003980087289
131820.0 -6081.257620180278
132080.0 -6091.5914277479005
132340.0 -6102.005867696395
132600.0 -6112.501400826004
132860.0 -6123.078483694265
133120.0 -6133.737568477968
133380.0 -6144.479102833859
133640.0 -6155.3035297580855
133900.0 -6166.211287444336
134160.0 -6177.20280914072
134420.0 -6188.278523005335
134680.0 -6199.438851960576
134940.0 -6210.684213546111
135200.0 -6222.015019770596
135460.0 -6233.431676962049
135720.0 -6244.934585616951
135980.0 -6256.524140248023
136240.0 -6268.200729230676
136500.0 -6279.964734648168
136760.0 -6291.816532135417
137020.0 -6303.756490721501
137280.0 -6315.7849726708255
137540.0 -6327.9023333229525
137800.0 -6340.108920931088
138060.0 -6352.405076499257
138320.0 -6364.791133618086
138580.0 -6377.267418299276
138840.0 -6389.8342488087155
139100.0 -6402.491935498201
139360.0 -6415.240780635866
139620.0 -6428.081078235159
139880.0 -6441.013113882538
140140.0 -6454.037164563732
140400.0 -6467.153498488652
140660.0 -6480.36237491491
140920.0 -6493.664043969976
141180.0 -6507.058746471923
141440.0 -6520.546713748785
141700.0 -6534.128167456541
141960.0 -6547.803319395658
142220.0 -6561.572371326286
142480.0 -6575.435514781977
142740.0 -6589.392930882061
143000.0 -6603.444790142572
143260.0 -6617.591252285756
143520.0 -6631.832466048151
143780.0 -6646.1685689872675
144040.0 -6660.599687286808
144300.0 -6675.1259355604725
144560.0 -6689.747416654323
144820.0 -6704.4642214476835
145080.0 -6719.27642865263
145340.0 -6734.184104612014
145600.0 -6749.1873030960105
145860.0 -6764.286065097258
146120.0 -6779.480418624485
146380.0 -6794.77037849471
146640.0 -6810.155946123946
146900.0 -6825.637109316454
147160.0 -6841.213842052506
147420.0 -6856.886104274666
147680.0 -6872.6538416725925
147940.0 -6888.516985466351
148200.0 -6904.475452188243
148460.0 -6920.529143463113
148720.0 -6936.677945787193
148980.0 -6952.921730305399
149240.0 -6969.260352587157
149500.0 -6985.693652400715
149760.0 -7002.221453485908
150020.0 -7018.843563325425
150280.0 -7035.559772914568
150540.0 -7052.369856529453
150800.0 -7069.273571493699
151060.0 -7086.270657943581
151320.0 -7103.360838591635
151580.0 -7120.543818488732
151840.0 -7137.819284784593
152100.0 -7155.186906486767
152360.0 -7172.646334218047
152620.0 -7190.197199972332
152880.0 -7207.839116868916
153140.0 -7225.571678905232
153400.0 -7243.394460707996
153660.0 -7261.3070172828175
153920.0 -7279.3088837621945
154180.0 -7297.399575151956
154440.0 -7315.578586076093
154700.0 -7333.845390520024
154960.0 -7352.199441572251
155220.0 -7370.640171164442
155480.0 -7389.166989809869
155740.0 -7407.779286340298
156000.0 -7426.476427641226
156260.0 -7445.257758385516
156520.0 -7464.122600765442
156780.0 -7483.070254223075
157040.0 -7502.09999517907
157300.0 -7521.211076759828
157560.0 -7540.402728523002
157820.0 -7559.674156181391
158080.0 -7579.024541325195
158340.0 -7598.453041142604
158600.0 -7617.9587881387615
158860.0 -7637.540889853075
159120.0 -7657.198428574858
159380.0 -7676.930461057335
159640.0 -7696.736018229961
159900.0 -7716.614104909086
160160.0 -7736.563699506952
160420.0 -7756.583753739012
160680.0 -7776.673192329581
160940.0 -7796.83091271577
161200.0 -7817.055784749787
161460.0 -7837.346650399509
161720.0 -7857.702323447369
161980.0 -7878.121589187569
162240.0 -7898.60320412154
162500.0 -7919.1458956517645
162760.0 -7939.748361773842
163020.0 -7960.409270766834
163280.0 -7981.127260881943
163540.0 -8001.900940029442
163800.0 -8022.728885463843
164060.0 -8043.60964346741
164320.0 -8064.541729031891
164580.0 -8085.52362553853
164840.0 -8106.553784436319
165100.0 -8127.630624918541
165360.0 -8148.752533597539
165620.0 -8169.917864177747
165880.0 -8191.12493712695
166140.0 -8212.372039345806
166400.0 -8233.657423835584
166660.0 -8254.979309364157
166920.0 -8276.335880130202
167180.0 -8297.725285425637
167440.0 -8319.145639296288
167700.0 -8340.595020200753
167960.0 -8362.071470667488
168220.0 -8383.57299695012
168480.0 -8405.09756868094
168740.0 -8426.643118522607
169000.0 -8448.207541818072
169260.0 -8469.788696238638
169520.0 -8491.384401430305
169780.0 -8512.992438658197
170040.0 -8534.610550449244
170300.0 -8556.236440233028
170560.0 -8577.867771980766
170820.0 -8599.502169842523
171080.0 -8621.137217782569
171340.0 -8642.770459212854
171600.0 -8664.39939662472
171860.0 -8686.02149121873
172120.0 -8707.634162532619
172380.0 -8729.234788067464
172640.0 -8750.820702911931
172900.0 -8772.389199364701
173160.0 -8793.937526555022
173420.0 -8815.462890061388
173680.0 -8836.962451528345
173940.0 -8858.433328281451
174200.0 -8879.872592940308
174460.0 -8901.277273029758
174720.0 -8922.644350589151
174980.0 -8943.970761779752
175240.0 -8965.253396490267
175500.0 -8986.489097940394
175760.0 -9007.674662282574
176020.0 -9028.806838201777
176280.0 -9049.882326513369
176540.0 -9070.897779759092
176800.0 -9091.849801801132
177060.0 -9112.734947414248
177320.0 -9133.549721875957
177580.0 -9154.290580554853
177840.0 -9174.953928496892
178100.0 -9195.536120009867
178360.0 -9216.033458245829
178620.0 -9236.442194781619
178880.0 -9256.758529197446
179140.0 -9276.978608653517
179400.0 -9297.098527464672
179660.0 -9317.114326673118
179920.0 -9337.02199361915
180180.0 -9356.81746150993
180440.0 -9376.49660898629
180700.0 -9396.055259687533
180960.0 -9415.489181814319
181220.0 -9434.794087689486
181480.0 -9453.965633316937
181740.0 -9472.999417938532
182000.0 -9491.890983588963
182260.0 -9510.635814648636
182520.0 -9529.229337394583
182780.0 -9547.666919549314
183040.0 -9565.94386982768
183300.0 -9584.05543748176
183560.0 -9601.99681184366
183820.0 -9619.76312186635
184080.0 -9637.349435662432
184340.0 -9654.75076004091
184600.0 -9671.962040041913
184860.0 -9688.97815846937
185120.0 -9705.79393542166
185380.0 -9722.404127820206
185640.0 -9738.803428936031
185900.0 -9754.986467914261
186160.0 -9770.947809296533
186420.0 -9786.681952541401
186680.0 -9802.183331542643
186940.0 -9817.446314145503
187200.0 -9832.46520166086
187460.0 -9847.234228377332
187720.0 -9861.747561071288
187980.0 -9875.99929851476
188240.0 -9889.98347098133
188500.0 -9903.694039749837
188760.0 -9917.124896606067
189020.0 -9930.269863342273
189280.0 -9943.122691254672
189540.0 -9955.677060638745
189800.0 -9967.92658028252
190060.0 -9979.86478695764
190320.0 -9991.485144908407
190580.0 -10002.781045338632
190840.0 -10013.7458058964
191100.0 -10024.372670156674
191360.0 -10034.654807101817
191620.0 -10044.585310599894
191880.0 -10054.157198880925
192140.0 -10063.363414010884
192400.0 -10072.196821363683
192660.0 -10080.650209090862
192920.0 -10088.716287589239
193180.0 -10096.387688966308
193440.0 -10103.656966503528
193700.0 -10110.516594117444
193960.0 -10116.958965818574
194220.0 -10122.9763951682
194480.0 -10128.56111473293
194740.0 -10133.705275537064
195000.0 -10138.400946512826
195260.0 -10142.640113948351
195520.0 -10146.4146809335
195780.0 -10149.716466803462
196040.0 -10152.537206580168
196300.0 -10154.868550411504
196560.0 -10156.702063008257
196820.0 -10158.029223078935
197080.0 -10158.841422762276
197340.0 -10159.129967057612
197600.0 -10158.886073252927
197860.0 -10158.100870350776
198120.0 -10156.765398491889
198380.0 -10154.870608376557
198640.0 -10152.40736068383
198900.0 -10149.366425488373
199160.0 -10145.738481675166
199420.0 -10141.514116351858
199680.0 -10136.683824258973
199940.0 -10131.238007177733
200200.0 -10125.166973335698
200460.0 -10118.460936810132
200720.0 -10111.11001692904
200980.0 -10103.104237669986
201240.0 -10094.433527056599
201500.0 -10085.08771655281
201760.0 -10075.056540454765
202020.0 -10064.329635280534
202280.0 -10052.896539157373
202540.0 -10040.74669120683
202800.0 -10027.869430927502
203060.0 -10014.253997575432
203320.0 -9999.889529542219
203580.0 -9984.765063730907
203840.0 -9968.869534929396
204100.0 -9952.191775181618
204360.0 -9934.720513156393
204620.0 -9916.444373513938
204880.0 -9897.351876270026
205140.0 -9877.431436157773
205400.0 -9856.671361987192
205660.0 -9835.059856002319
205920.0 -9812.585013235952
206180.0 -9789.234820862137
206440.0 -9764.997157546222
206700.0 -9739.859792792573
206960.0 -9713.810386289899
207220.0 -9686.83648725426
207480.0 -9658.925533769649
207740.0 -9630.064852126228
208000.0 -9600.241656156139
208260.0 -9569.443046566994
208520.0 -9537.65601027293
208780.0 -9504.86741972326
209040.0 -9471.064032228767
209300.0 -9436.232489285609
209560.0 -9400.359315896716
209820.0 -9363.43091989089
210080.0 -9325.433591239465
210340.0 -9286.353501370506
210600.0 -9246.176702480636
210860.0 -9204.889126844413
211120.0 -9162.476586121307
211380.0 -9118.924770660182
211640.0 -9074.219248801408
211900.0 -9028.345466176539
212160.0 -8981.288745005444
212420.0 -8933.034283391147
212680.0 -8883.56715461207
212940.0 -8832.872306411902
213200.0 -8780.934560287
213460.0 -8727.73861077132
213720.0 -8673.269024718826
213980.0 -8617.510240583553
214240.0 -8560.446567697081
214500.0 -8502.062185543558
214760.0 -8442.341143032289
215020.0 -8381.267357767778
215280.0 -8318.824615317311
215540.0 -8254.99656847605
215800.0 -8189.766736529587
216060.0 -8123.118504514061
216320.0 -8055.035122473732
216580.0 -7985.4997047160105
216840.0 -7914.495229064056
217100.0 -7842.004536106806
217360.0 -7768.010328446448
217620.0 -7692.495169943487
217880.0 -7615.4414849591385
218140.0 -7536.831557595284
218400.0 -7456.647530931888
218660.0 -7374.871406261776
218920.0 -7291.485042323046
219180.0 -7206.470154528739
219440.0 -7119.808314194085
219700.0 -7031.480947761151
219960.0 -6941.469336020942
220220.0 -6849.754613332885
220480.0 -6756.317766841855
220740.0 -6661.139635692503
221000.0 -6564.200910241111
221260.0 -6465.482131264805
221520.0 -6364.963689168202
221780.0 -6262.625823187497
222040.0 -6158.448620591912
