0.0 -4621.83349609375
260.0 -4626.13212703778
520.0 -4630.4254113198895
780.0 -4634.708002278158
1040.0 -4638.974553250664
1300.0 -4643.219717575487
1560.0 -4647.438148590707
1820.0 -4651.624499634403
2080.0 -4655.7734240446525
2340.0 -4659.879575159537
2600.0 -4663.937606317136
2860.0 -4667.9421708555265
3120.0 -4671.88792211279
3380.0 -4675.769513427005
3640.0 -4679.58159813625
3900.0 -4683.318829578606
4160.0 -4686.975861092151
4420.0 -4690.547346014964
4680.0 -4694.027937685126
4940.0 -4697.412289440715
5200.0 -4700.695054619809
5460.0 -4703.870886560489
5720.0 -4706.934438600836
5980.0 -4709.880364078925
6240.0 -4712.703316332839
6500.0 -4715.397948700656
6760.0 -4717.9589145204545
7020.0 -4720.380867130315
7280.0 -4722.658459868316
7540.0 -4724.786346072537
7800.0 -4726.7591790810575
8060.0 -4728.571847011695
8320.0 -4730.22492525482
8580.0 -4731.724840839778
8840.0 -4733.078288457305
9100.0 -4734.291962798132
9360.0 -4735.372558552994
9620.0 -4736.326770412625
9880.0 -4737.1612930677575
10140.0 -4737.882821209126
10400.0 -4738.498049527463
10660.0 -4739.013672713503
10920.0 -4739.43638545798
11180.0 -4739.772882451626
11440.0 -4740.029858385178
11700.0 -4740.214007949366
11960.0 -4740.332025834924
12220.0 -4740.390606732588
12480.0 -4740.396445333088
12740.0 -4740.35623632716
13000.0 -4740.276674405541
13260.0 -4740.164454258957
13520.0 -4740.026270578147
13780.0 -4739.868818053843
14040.0 -4739.698791376779
14300.0 -4739.522885237688
14560.0 -4739.347794327304
14820.0 -4739.180213336361
15080.0 -4739.0268369555915
15340.0 -4738.8943598757305
15600.0 -4738.7894767875105
15860.0 -4738.718882381665
16120.0 -4738.687881780816
16380.0 -4738.695845312243
16640.0 -4738.740559183574
16900.0 -4738.819809586957
17160.0 -4738.931382714541
17420.0 -4739.073064758478
17680.0 -4739.242641910918
17940.0 -4739.437900364011
18200.0 -4739.656626309907
18460.0 -4739.896605940757
18720.0 -4740.155625448709
18980.0 -4740.431471025916
19240.0 -4740.721928864528
19500.0 -4741.0247851566955
19760.0 -4741.3378260945665
20020.0 -4741.658837870293
20280.0 -4741.985606676025
20540.0 -4742.315918703913
20800.0 -4742.647560146107
21060.0 -4742.9783171947565
21320.0 -4743.305976042014
21580.0 -4743.628322880027
21840.0 -4743.943143900947
22100.0 -4744.248225296926
22360.0 -4744.541353260111
22620.0 -4744.820313982654
22880.0 -4745.082893656705
23140.0 -4745.326878474415
23400.0 -4745.5500546279345
23660.0 -4745.750208309412
23920.0 -4745.925211623673
24180.0 -4746.075253427348
24440.0 -4746.203046117029
24700.0 -4746.311429454398
24960.0 -4746.4032432011445
25220.0 -4746.481327118952
25480.0 -4746.548520969508
25740.0 -4746.607664514493
26000.0 -4746.661597515598
26260.0 -4746.713159734506
26520.0 -4746.7651909329015
26780.0 -4746.820530872473
27040.0 -4746.882019314904
27300.0 -4746.95249602188
27560.0 -4747.0348007550865
27820.0 -4747.13177327621
28080.0 -4747.246253346934
28340.0 -4747.381080728947
28600.0 -4747.539095183934
28860.0 -4747.723136473576
29120.0 -4747.936044359564
29380.0 -4748.180658603582
29640.0 -4748.459818967314
29900.0 -4748.776365212447
30160.0 -4749.133137100665
30420.0 -4749.532974393656
30680.0 -4749.978716853102
30940.0 -4750.473204240692
31200.0 -4751.019276318111
31460.0 -4751.6197728470415
31720.0 -4752.277533589172
31980.0 -4752.99441101277
32240.0 -4753.767754760027
32500.0 -4754.593631482619
32760.0 -4755.468107738121
33020.0 -4756.3872500841
33280.0 -4757.347125078131
33540.0 -4758.34379927778
33800.0 -4759.373339240621
34060.0 -4760.431811524223
34320.0 -4761.515282686159
34580.0 -4762.619819283996
34840.0 -4763.741487875307
35100.0 -4764.876355017663
35360.0 -4766.0204872686345
35620.0 -4767.1699511857905
35880.0 -4768.3208133267035
36140.0 -4769.469140248943
36400.0 -4770.610998510082
36660.0 -4771.742454667689
36920.0 -4772.859575279335
37180.0 -4773.958426902592
37440.0 -4775.03507609503
37700.0 -4776.085589414218
37960.0 -4777.106033417729
38220.0 -4778.092474663133
38480.0 -4779.040979708
38740.0 -4779.947615109902
39000.0 -4780.808447426409
39260.0 -4781.61954321509
39520.0 -4782.37696903352
39780.0 -4783.076897864493
40040.0 -4783.718714213164
40300.0 -4784.305506230867
40560.0 -4784.84056754652
40820.0 -4785.3271917890415
41080.0 -4785.768672587354
41340.0 -4786.168303570373
41600.0 -4786.529378367018
41860.0 -4786.855190606209
42120.0 -4787.149033916868
42380.0 -4787.41420192791
42640.0 -4787.653988268255
42900.0 -4787.871686566824
43160.0 -4788.070590452535
43420.0 -4788.253993554305
43680.0 -4788.425189501059
43940.0 -4788.587471921711
44200.0 -4788.744134445181
44460.0 -4788.89847070039
44720.0 -4789.053774316256
44980.0 -4789.213338921698
45240.0 -4789.380458145635
45500.0 -4789.558425616989
45760.0 -4789.750534964674
46020.0 -4789.960079817613
46280.0 -4790.190353804725
46540.0 -4790.444650554928
46800.0 -4790.726263697141
47060.0 -4791.038486860284
47320.0 -4791.384613673276
47580.0 -4791.767937765036
47840.0 -4792.191048179491
48100.0 -4792.653101708471
48360.0 -4793.152211571945
48620.0 -4793.686490746942
48880.0 -4794.25405221049
49140.0 -4794.8530089396245
49400.0 -4795.481473911371
49660.0 -4796.13756010276
49920.0 -4796.819380490824
50180.0 -4797.525048052593
50440.0 -4798.252675765094
50700.0 -4799.0003766053605
50960.0 -4799.766263550421
51220.0 -4800.548449577307
51480.0 -4801.345047663046
51740.0 -4802.154170784671
52000.0 -4802.97393191921
52260.0 -4803.802444043694
52520.0 -4804.6378201351545
52780.0 -4805.47817317062
53040.0 -4806.32161612712
53300.0 -4807.166261981686
53560.0 -4808.010223711348
53820.0 -4808.851614293137
54080.0 -4809.68854670408
54340.0 -4810.519133921211
54600.0 -4811.341488921556
54860.0 -4812.153724682151
55120.0 -4812.95395418002
55380.0 -4813.740290392197
55640.0 -4814.510900855187
55900.0 -4815.265806298427
56160.0 -4816.007290417793
56420.0 -4816.737774449946
56680.0 -4817.459679631544
56940.0 -4818.175427199246
57200.0 -4818.887438389711
57460.0 -4819.5981344396005
57720.0 -4820.309936585571
57980.0 -4821.025266064283
58240.0 -4821.746544112395
58500.0 -4822.476191966568
58760.0 -4823.21663086346
59020.0 -4823.970282039731
59280.0 -4824.739566732038
59540.0 -4825.526906177043
59800.0 -4826.334721611403
60060.0 -4827.165434271779
60320.0 -4828.0214653948315
60580.0 -4828.905236217216
60840.0 -4829.819167975594
61100.0 -4830.765681906623
61360.0 -4831.7471992469655
61620.0 -4832.766141233277
61880.0 -4833.824929102219
62140.0 -4834.9259840904515
62400.0 -4836.0717274346325
62660.0 -4837.264580371421
62920.0 -4838.506964137477
63180.0 -4839.801299969458
63440.0 -4841.150009104026
63700.0 -4842.5550721968375
63960.0 -4844.0161768250255
64220.0 -4845.532266913508
64480.0 -4847.102286000644
64740.0 -4848.725177624793
65000.0 -4850.399885324311
65260.0 -4852.1253526375585
65520.0 -4853.900523102894
65780.0 -4855.724340258677
66040.0 -4857.595747643263
66300.0 -4859.513688795012
66560.0 -4861.4771072522835
66820.0 -4863.484946553434
67080.0 -4865.536150236823
67340.0 -4867.62966184081
67600.0 -4869.764424903753
67860.0 -4871.9393829640085
68120.0 -4874.153479559937
68380.0 -4876.405658229895
68640.0 -4878.694862512245
68900.0 -4881.020035945342
69160.0 -4883.380122067545
69420.0 -4885.774064417214
69680.0 -4888.2008065327045
69940.0 -4890.659291952378
70200.0 -4893.1484642145915
70460.0 -4895.667266857705
70720.0 -4898.214643420073
70980.0 -4900.789537440059
71240.0 -4903.390892456018
71500.0 -4906.0176584028295
71760.0 -4908.6690313867475
72020.0 -4911.3445258644115
72280.0 -4914.043677424618
72540.0 -4916.766021656169
72800.0 -4919.511094147859
73060.0 -4922.278430488485
73320.0 -4925.067566266847
73580.0 -4927.878037071744
73840.0 -4930.709378491971
74100.0 -4933.561126116326
74360.0 -4936.432815533608
74620.0 -4939.323982332616
74880.0 -4942.234162102145
75140.0 -4945.162890430995
75400.0 -4948.109702907964
75660.0 -4951.0741351218485
75920.0 -4954.0557226614455
76180.0 -4957.054001115555
76440.0 -4960.068506072976
76700.0 -4963.098773122502
76960.0 -4966.144337852935
77220.0 -4969.20473585307
77480.0 -4972.279502711707
77740.0 -4975.3681740176435
78000.0 -4978.470285359675
78260.0 -4981.585372326602
78520.0 -4984.712970507222
78780.0 -4987.852615490331
79040.0 -4991.0038428647285
79300.0 -4994.166188219213
79560.0 -4997.339161764199
79820.0 -5000.522132523975
80080.0 -5003.71442071129
80340.0 -5006.915346492119
80600.0 -5010.124230032443
80860.0 -5013.340391498238
81120.0 -5016.563151055484
81380.0 -5019.7918288701585
81640.0 -5023.025745108239
81900.0 -5026.264219935705
82160.0 -5029.506573518534
82420.0 -5032.752126022706
82680.0 -5036.000197614197
82940.0 -5039.250108458986
83200.0 -5042.501178723051
83460.0 -5045.752728572371
83720.0 -5049.004078172922
83980.0 -5052.254547690686
84240.0 -5055.503457291639
84500.0 -5058.7501271417605
84760.0 -5061.993877407026
85020.0 -5065.234028253417
85280.0 -5068.46989984691
85540.0 -5071.700812353482
85800.0 -5074.926085939114
86060.0 -5078.145040769784
86320.0 -5081.356997011469
86580.0 -5084.561274830146
86840.0 -5087.757194391796
87100.0 -5090.944075862396
87360.0 -5094.121261742972
87620.0 -5097.289075736081
87880.0 -5100.4491856330405
88140.0 -5103.603356398279
88400.0 -5106.753352996227
88660.0 -5109.9009403913105
88920.0 -5113.047883547961
89180.0 -5116.195947430609
89440.0 -5119.346897003681
89700.0 -5122.502497231608
89960.0 -5125.664513078817
90220.0 -5128.83470950974
90480.0 -5132.014851488804
90740.0 -5135.20670398044
91000.0 -5138.412031949075
91260.0 -5141.632600359138
91520.0 -5144.870174175061
91780.0 -5148.126518361272
92040.0 -5151.403397882199
92300.0 -5154.702577702272
92560.0 -5158.02582278592
92820.0 -5161.3748980975715
93080.0 -5164.751568601658
93340.0 -5168.157599262606
93600.0 -5171.594755044845
93860.0 -5175.064800912805
94120.0 -5178.569501830917
94380.0 -5182.110622763606
94640.0 -5185.689928675304
94900.0 -5189.30918453044
95160.0 -5192.970155293442
95420.0 -5196.673907513172
95680.0 -5200.417352344005
95940.0 -5204.19587029375
96200.0 -5208.004839474218
96460.0 -5211.839637997214
96720.0 -5215.695643974548
96980.0 -5219.56823551803
97240.0 -5223.452790739467
97500.0 -5227.344687750667
97760.0 -5231.239304663439
98020.0 -5235.1320195895905
98280.0 -5239.018210640931
98540.0 -5242.893255929269
98800.0 -5246.752533566412
99060.0 -5250.59142166417
99320.0 -5254.40529833435
99580.0 -5258.189541688761
99840.0 -5261.939529839211
100100.0 -5265.650640897508
100360.0 -5269.318252975462
100620.0 -5272.93774418488
100880.0 -5276.504492637571
101140.0 -5280.013876445343
101400.0 -5283.461273720006
101660.0 -5286.842062573365
101920.0 -5290.151621117234
102180.0 -5293.385327463415
102440.0 -5296.53855972372
102700.0 -5299.606696009957
102960.0 -5302.585114433935
103220.0 -5305.469356748503
103480.0 -5308.26324064916
103740.0 -5310.98259542748
104000.0 -5313.644193801097
104260.0 -5316.264808487641
104520.0 -5318.861212204748
104780.0 -5321.450177670051
105040.0 -5324.0484776011845
105300.0 -5326.67288471578
105560.0 -5329.340171731473
105820.0 -5332.067111365894
106080.0 -5334.8704763366795
106340.0 -5337.76703936146
106600.0 -5340.7735731578705
106860.0 -5343.906850443545
107120.0 -5347.183643936117
107380.0 -5350.620726353218
107640.0 -5354.234870412482
107900.0 -5358.042848831544
108160.0 -5362.061434328037
108420.0 -5366.307399619593
108680.0 -5370.797517423846
108940.0 -5375.548560458428
109200.0 -5380.577301440976
109460.0 -5385.900513089122
109720.0 -5391.534968120498
109980.0 -5397.4974392527365
110240.0 -5403.804699203474
110500.0 -5410.473520690343
110760.0 -5417.520676430976
111020.0 -5424.962939143006
111280.0 -5432.812468631628
111540.0 -5441.052053067195
111800.0 -5449.652960274102
112060.0 -5458.586430952509
112320.0 -5467.823705802574
112580.0 -5477.336025524461
112840.0 -5487.0946308183275
113100.0 -5497.070762384333
113360.0 -5507.235660922641
113620.0 -5517.560567133409
113880.0 -5528.016721716797
114140.0 -5538.575365372967
114400.0 -5549.207738802077
114660.0 -5559.885082704289
114920.0 -5570.578637779762
115180.0 -5581.259644728655
115440.0 -5591.899344251132
115700.0 -5602.468977047349
115960.0 -5612.939783817467
116220.0 -5623.283005261648
116480.0 -5633.46988208005
116740.0 -5643.471654972836
117000.0 -5653.259564640163
117260.0 -5662.804851782192
117520.0 -5672.078757099085
117780.0 -5681.052521291
118040.0 -5689.697385058096
118300.0 -5697.984589100537
118560.0 -5705.88537411848
118820.0 -5713.370980812087
119080.0 -5720.4130807940655
119340.0 -5727.0086778910145
119600.0 -5733.193743312576
119860.0 -5739.007565764338
120120.0 -5744.489433951898
120380.0 -5749.678636580842
120640.0 -5754.614462356769
120900.0 -5759.336199985268
121160.0 -5763.883138171932
121420.0 -5768.294565622354
121680.0 -5772.609771042125
121940.0 -5776.868043136841
122200.0 -5781.1086706120905
122460.0 -5785.370942173469
122720.0 -5789.694146526567
122980.0 -5794.117572376978
123240.0 -5798.680508430294
123500.0 -5803.4222433921095
123760.0 -5808.382065968013
124020.0 -5813.599264863601
124280.0 -5819.113128784465
124540.0 -5824.962946436195
124800.0 -5831.188006524386
125060.0 -5837.827597754629
125320.0 -5844.921008832519
125580.0 -5852.507528463646
125840.0 -5860.626445353605
126100.0 -5869.317048207985
126360.0 -5878.618625732382
126620.0 -5888.5704666323845
126880.0 -5899.211859613591
127140.0 -5910.57367245883
127400.0 -5922.629347820576
127660.0 -5935.328359126461
127920.0 -5948.620099866159
128180.0 -5962.453963529346
128440.0 -5976.779343605699
128700.0 -5991.545633584894
128960.0 -6006.702226956608
129220.0 -6022.198517210516
129480.0 -6037.983897836292
129740.0 -6054.007762323617
130000.0 -6070.219504162162
130260.0 -6086.568516841607
130520.0 -6103.004193851625
130780.0 -6119.4759286818935
131040.0 -6135.93311482209
131300.0 -6152.325145761888
131560.0 -6168.601414990964
131820.0 -6184.711315998997
132080.0 -6200.60424227566
132340.0 -6216.2295873106295
132600.0 -6231.536744593582
132860.0 -6246.475107614193
133120.0 -6260.994069862141
133380.0 -6275.043024827099
133640.0 -6288.571365998744
133900.0 -6301.528486866754
134160.0 -6313.863780920802
134420.0 -6325.526641650566
134680.0 -6336.466462545722
134940.0 -6346.6331487196885
135200.0 -6356.011959056587
135460.0 -6364.645810412891
135720.0 -6372.5829294399
135980.0 -6379.871542788917
136240.0 -6386.559877111245
136500.0 -6392.696159058186
136760.0 -6398.32861528104
137020.0 -6403.50547243111
137280.0 -6408.274957159698
137540.0 -6412.685296118105
137800.0 -6416.784715957633
138060.0 -6420.621443329585
138320.0 -6424.2437048852635
138580.0 -6427.699727275968
138840.0 -6431.037737153003
139100.0 -6434.305961167668
139360.0 -6437.552625971267
139620.0 -6440.8259582151
139880.0 -6444.17418455047
140140.0 -6447.645531628679
140400.0 -6451.288226101029
140660.0 -6455.150494618821
140920.0 -6459.2805638333575
141180.0 -6463.72666039594
141440.0 -6468.537010957871
141700.0 -6473.759842170452
141960.0 -6479.443380684986
142220.0 -6485.635853152773
142480.0 -6492.385486225116
142740.0 -6499.740506553318
143000.0 -6507.743696631043
143260.0 -6516.398042002068
143520.0 -6525.688861359389
143780.0 -6535.601393646169
144040.0 -6546.120877805562
144300.0 -6557.232552780728
144560.0 -6568.921657514827
144820.0 -6581.173430951016
145080.0 -6593.973112032452
145340.0 -6607.305939702297
145600.0 -6621.157152903707
145860.0 -6635.51199057984
146120.0 -6650.355691673855
146380.0 -6665.673495128912
146640.0 -6681.450639888169
146900.0 -6697.672364894781
147160.0 -6714.3239090919105
147420.0 -6731.390511422714
147680.0 -6748.85741083035
147940.0 -6766.709846257978
148200.0 -6784.933056648755
148460.0 -6803.51228094584
148720.0 -6822.432758092392
148980.0 -6841.679727031567
149240.0 -6861.238426706529
149500.0 -6881.09409606043
149760.0 -6901.231974036431
150020.0 -6921.637299577693
150280.0 -6942.29531162737
150540.0 -6963.191249128623
150800.0 -6984.310323927116
151060.0 -7005.635518223773
151320.0 -7027.1459574442815
151580.0 -7048.820383532226
151840.0 -7070.637538431191
152100.0 -7092.576164084765
152360.0 -7114.61500243653
152620.0 -7136.732795430072
152880.0 -7158.908285008976
153140.0 -7181.120213116828
153400.0 -7203.347321697214
153660.0 -7225.56835269372
153920.0 -7247.762048049928
154180.0 -7269.907149709427
154440.0 -7291.982399615799
154700.0 -7313.966539712633
154960.0 -7335.838311943511
155220.0 -7357.57645825202
155480.0 -7379.159720581745
155740.0 -7400.566840876271
156000.0 -7421.776561079185
156260.0 -7442.767623134069
156520.0 -7463.518768984512
156780.0 -7484.008740574096
157040.0 -7504.216279846409
157300.0 -7524.120128745035
157560.0 -7543.69902921356
157820.0 -7562.931723195568
158080.0 -7581.796952634646
158340.0 -7600.273459474379
158600.0 -7618.339985658351
158860.0 -7635.980249108102
159120.0 -7653.216999383421
159380.0 -7670.091403663512
159640.0 -7686.644737735534
159900.0 -7702.9182773866405
160160.0 -7718.953298403987
160420.0 -7734.791076574728
160680.0 -7750.472887686022
160940.0 -7766.04000752502
161200.0 -7781.533711878879
161460.0 -7796.995276534756
161720.0 -7812.465977279805
161980.0 -7827.98708990118
162240.0 -7843.599890186037
162500.0 -7859.345653921532
162760.0 -7875.2656568948205
163020.0 -7891.401174893057
163280.0 -7907.793483703397
163540.0 -7924.483859112996
163800.0 -7941.5135769090075
164060.0 -7958.92391287859
164320.0 -7976.756142808896
164580.0 -7995.051542487083
164840.0 -8013.851387700303
165100.0 -8033.196954235716
165360.0 -8053.129517880473
165620.0 -8073.690354421732
165880.0 -8094.920739646646
166140.0 -8116.861949342374
166400.0 -8139.555259296066
166660.0 -8163.0416907177305
166920.0 -8187.336940883589
167180.0 -8212.410226392267
167440.0 -8238.225782255186
167700.0 -8264.747843483769
167960.0 -8291.940645089431
168220.0 -8319.768422083596
168480.0 -8348.195409477685
168740.0 -8377.185842283114
169000.0 -8406.70395551131
169260.0 -8436.713984173684
169520.0 -8467.180163281666
169780.0 -8498.06672784667
170040.0 -8529.33791288012
170300.0 -8560.957953393432
170560.0 -8592.891084398032
170820.0 -8625.101540905336
171080.0 -8657.553557926765
171340.0 -8690.21137047374
171600.0 -8723.039213557684
171860.0 -8756.001322190012
172120.0 -8789.061931382148
172380.0 -8822.18527614551
172640.0 -8855.335591491521
172900.0 -8888.477112431598
173160.0 -8921.574073977168
173420.0 -8954.590711139643
173680.0 -8987.491258930446
173940.0 -9020.239952361
174200.0 -9052.801026442725
174460.0 -9085.138716187037
174720.0 -9117.219078854752
174980.0 -9149.02352727464
175240.0 -9180.54117179118
175500.0 -9211.761180385483
175760.0 -9242.672721038653
176020.0 -9273.264961731797
176280.0 -9303.52707044602
176540.0 -9333.448215162427
176800.0 -9363.017563862128
177060.0 -9392.224284526224
177320.0 -9421.057545135827
177580.0 -9449.506513672035
177840.0 -9477.56035811596
178100.0 -9505.208246448707
178360.0 -9532.439346651381
178620.0 -9559.24282670509
178880.0 -9585.607854590937
179140.0 -9611.523598290029
179400.0 -9636.979225783474
179660.0 -9661.963905052377
179920.0 -9686.466804077842
180180.0 -9710.477090840976
180440.0 -9733.983933322887
180700.0 -9756.97649950468
180960.0 -9779.44395736746
181220.0 -9801.375474892335
181480.0 -9822.76022006041
181740.0 -9843.58736085279
182000.0 -9863.846065250582
182260.0 -9883.52550123489
182520.0 -9902.614754580032
182780.0 -9921.092845939469
183040.0 -9938.9191841606
183300.0 -9956.050915883623
183560.0 -9972.445187748728
183820.0 -9988.059146396108
184080.0 -10002.849938465955
184340.0 -10016.774710598465
184600.0 -10029.790609433834
184860.0 -10041.85478161225
185120.0 -10052.924373773905
185380.0 -10062.956532558996
185640.0 -10071.908404607717
185900.0 -10079.73713656026
186160.0 -10086.399875056819
186420.0 -10091.853766737586
186680.0 -10096.055958242752
186940.0 -10098.963596212514
187200.0 -10100.533827287065
187460.0 -10100.723798106597
187720.0 -10099.490655311305
187980.0 -10096.791545541382
188240.0 -10092.583615437017
188500.0 -10086.824011638408
188760.0 -10079.469880785748
189020.0 -10070.478369519227
189280.0 -10059.806624479043
189540.0 -10047.411792305385
189800.0 -10033.251019638448
190060.0 -10017.281453118427
190320.0 -9999.460239385511
190580.0 -9979.75413923813
190840.0 -9958.21706022703
191100.0 -9934.94929491782
191360.0 -9910.051566774187
191620.0 -9883.624599259823
191880.0 -9855.769115838419
192140.0 -9826.585839973663
192400.0 -9796.175495129251
192660.0 -9764.63880476887
192920.0 -9732.076492356215
193180.0 -9698.589281354974
193440.0 -9664.277895228839
193700.0 -9629.2430574415
193960.0 -9593.58549145665
194220.0 -9557.405920737976
194480.0 -9520.805068749176
194740.0 -9483.883658953935
195000.0 -9446.742414815944
195260.0 -9409.4820597989
195520.0 -9372.203317366488
195780.0 -9335.006910982402
196040.0 -9297.993564110331
196300.0 -9261.264000213967
196560.0 -9224.918942757002
196820.0 -9189.059115203125
197080.0 -9153.785241016029
197340.0 -9119.198043659402
197600.0 -9085.39824659694
197860.0 -9052.486573292332
198120.0 -9020.563747209266
198380.0 -8989.73020091335
198640.0 -8960.041575425836
198900.0 -8931.460813330461
199160.0 -8903.939364582697
199420.0 -8877.428679138007
199680.0 -8851.880206951864
199940.0 -8827.24539797974
200200.0 -8803.475702177098
200460.0 -8780.522569499413
200720.0 -8758.33744990215
200980.0 -8736.87179334078
201240.0 -8716.077049770778
201500.0 -8695.904669147603
201760.0 -8676.306101426731
202020.0 -8657.23279656363
202280.0 -8638.636204513768
202540.0 -8620.467775232619
202800.0 -8602.678958675646
203060.0 -8585.221204798321
203320.0 -8568.045963556115
203580.0 -8551.104684904496
203840.0 -8534.348818798931
204100.0 -8517.729815194896
204360.0 -8501.199124047853
204620.0 -8484.708195313273
204880.0 -8468.20847894663
205140.0 -8451.651424903388
205400.0 -8434.988483139019
205660.0 -8418.171103608993
205920.0 -8401.150736268777
206180.0 -8383.87883107384
206440.0 -8366.307783768476
206700.0 -8348.399225246814
206960.0 -8330.120003166967
207220.0 -8311.437024165427
207480.0 -8292.317194878682
207740.0 -8272.727421943226
208000.0 -8252.634611995549
208260.0 -8232.005671672136
208520.0 -8210.807507609481
208780.0 -8189.007026444077
209040.0 -8166.5711348124105
209300.0 -8143.466739350973
209560.0 -8119.660746696253
209820.0 -8095.120063484743
210080.0 -8069.811596352933
210340.0 -8043.70225193731
210600.0 -8016.75893687437
210860.0 -7988.948557800599
211120.0 -7960.238021352488
211380.0 -7930.5942341665295
211640.0 -7899.98410287921
211900.0 -7868.374534127023
212160.0 -7835.732434546456
212420.0 -7802.024710774002
212680.0 -7767.21826944615
212940.0 -7731.2800171993895
213200.0 -7694.176860670212
213460.0 -7655.875706495108
213720.0 -7616.3434613105655
213980.0 -7575.547031753078
214240.0 -7533.453522865788
214500.0 -7490.069478755046
214760.0 -7445.488182691982
215020.0 -7399.8144623160415
215280.0 -7353.153145266672
215540.0 -7305.609059183319
215800.0 -7257.287031705428
216060.0 -7208.291890472443
216320.0 -7158.728463123811
216580.0 -7108.701577298977
216840.0 -7058.316060637387
217100.0 -7007.676740778486
217360.0 -6956.888445361721
217620.0 -6906.056002026538
217880.0 -6855.284238412381
218140.0 -6804.677982158694
218400.0 -6754.342060904926
218660.0 -6704.381302290523
218920.0 -6654.900533954927
219180.0 -6606.004583537586
219440.0 -6557.798278677945
219700.0 -6510.386447015449
219960.0 -6463.873916189547
220220.0 -6418.365513839681
220480.0 -6373.966067605297
220740.0 -6330.780405125843
221000.0 -6288.913354040761
221260.0 -6248.469741989499
221520.0 -6209.554396611504
221780.0 -6172.272145546218
222040.0 -6136.727816433089
222300.0 -6103.01296115321
222560.0 -6071.079263825197
222820.0 -6040.794595602688
223080.0 -6012.025692958058
223340.0 -5984.639292363685
223600.0 -5958.502130291944
223860.0 -5933.480943215211
224120.0 -5909.44246760586
224380.0 -5886.25343993627
224640.0 -5863.780596678816
224900.0 -5841.890674305874
225160.0 -5820.4504092898205
225420.0 -5799.326538103031
225680.0 -5778.385797217882
225940.0 -5757.4949231067485
226200.0 -5736.5206522420085
226460.0 -5715.329721096036
226720.0 -5693.788866141209
226980.0 -5671.764823849901
227240.0 -5649.1243306944925
227500.0 -5625.734123147355
227760.0 -5601.460937680865
228020.0 -5576.171510767401
228280.0 -5549.732578879338
228540.0 -5522.010878489052
228800.0 -5492.873146068918
229060.0 -5462.186118091315
229320.0 -5429.816531028615
229580.0 -5395.631121353196
229840.0 -5359.496625537436
230100.0 -5321.280049920487
230360.0 -5280.919937100224
230620.0 -5238.5221209632255
230880.0 -5194.21631194093
231140.0 -5148.132220464781
231400.0 -5100.399556966225
231660.0 -5051.148031876702
231920.0 -5000.507355627656
232180.0 -4948.60723865053
232440.0 -4895.577391376767
232700.0 -4841.547524237811
232960.0 -4786.647347665105
233220.0 -4731.006572090091
233480.0 -4674.7549079442115
233740.0 -4618.022065658912
234000.0 -4560.937755665634
234260.0 -4503.631688395821
234520.0 -4446.233574280914
234780.0 -4388.87312375236
235040.0 -4331.6800472416
235300.0 -4274.784055180077
235560.0 -4218.314857999234
235820.0 -4162.402166130515
236080.0 -4107.1756900053615
236340.0 -4052.765140055218
236600.0 -3999.300226711527
236860.0 -3946.910660405732
237120.0 -3895.726151569276
237380.0 -3845.876410633602
237640.0 -3797.4911480301535
237900.0 -3750.700074190371
238160.0 -3705.6233955410603
238420.0 -3662.273088275706
238680.0 -3620.592358144251
238940.0 -3580.523311224599
239200.0 -3542.0080535946513
239460.0 -3504.9886913323085
239720.0 -3469.4073305154734
239980.0 -3435.2060772220475
240240.0 -3402.3270375299326
240500.0 -3370.71231751703
240760.0 -3340.304023261242
241020.0 -3311.044260840471
241280.0 -3282.8751363326173
241540.0 -3255.7387558155838
241800.0 -3229.5772253672717
242060.0 -3204.3326510655834
242320.0 -3179.9471389884197
242580.0 -3156.362795213683
242840.0 -3133.521725819275
243100.0 -3111.3660368830974
243360.0 -3089.837834483053
243620.0 -3068.879224697041
243880.0 -3048.4323136029657
244140.0 -3028.4392072787277
244400.0 -3008.84201180223
244660.0 -2989.582833251373
244920.0 -2970.603777704058
245180.0 -2951.8469512381876
245440.0 -2933.2544599316648
245700.0 -2914.768409862389
