0.0 6625.02734375
8.0 6623.099078271682
16.0 6621.172237888987
24.0 6619.248247697541
32.0 6617.328532792968
40.0 6615.414518270891
48.0 6613.507629226934
56.0 6611.609290756724
64.0 6609.72092795588
72.0 6607.84396592003
80.0 6605.979829744798
88.0 6604.129944525806
96.0 6602.295735358681
104.0 6600.478627339044
112.0 6598.680045562521
120.0 6596.901415124736
128.0 6595.144161121312
136.0 6593.409708647875
144.0 6591.699482800048
152.0 6590.0149086734555
160.0 6588.3574113637205
168.0 6586.72841596647
176.0 6585.129347577325
184.0 6583.56163129191
192.0 6582.02669220585
200.0 6580.52595541477
208.0 6579.060846014292
216.0 6577.632789100042
224.0 6576.243209767643
232.0 6574.8935331127195
240.0 6573.585184230896
248.0 6572.319588217796
256.0 6571.098170169043
264.0 6569.922355180264
272.0 6568.7935683470805
280.0 6567.713234765118
288.0 6566.682779529998
296.0 6565.703627737347
304.0 6564.77720448279
312.0 6563.904934861948
320.0 6563.088243970448
328.0 6562.328556903913
336.0 6561.627298757967
344.0 6560.985894628234
352.0 6560.405769610338
360.0 6559.888348799905
368.0 6559.435057292556
376.0 6559.047320183918
384.0 6558.726562569614
392.0 6558.4742095452675
400.0 6558.291686206503
408.0 6558.180417648945
416.0 6558.141828968217
424.0 6558.177345259944
432.0 6558.28839161975
440.0 6558.476393143258
448.0 6558.742774926093
456.0 6559.088962063879
464.0 6559.516379652241
472.0 6560.026452786801
480.0 6560.620606563186
488.0 6561.300266077018
496.0 6562.066856423921
504.0 6562.92180269952
512.0 6563.86652999944
520.0 6564.902463419303
528.0 6566.031028054734
536.0 6567.253649001357
544.0 6568.571751354798
552.0 6569.986760210678
560.0 6571.5001006646235
568.0 6573.113197812258
576.0 6574.827476749204
584.0 6576.644362571088
592.0 6578.565280373534
600.0 6580.591655252165
608.0 6582.724912302605
616.0 6584.966476620478
624.0 6587.317773301409
632.0 6589.780227441022
640.0 6592.355264134941
648.0 6595.044012582501
656.0 6597.845610933101
664.0 6600.758376189192
672.0 6603.7806227832425
680.0 6606.910665147727
688.0 6610.146817715113
696.0 6613.487394917869
704.0 6616.930711188468
712.0 6620.475080959379
720.0 6624.118818663071
728.0 6627.860238732013
736.0 6631.697655598679
744.0 6635.6293836955365
752.0 6639.653737455054
760.0 6643.769031309705
768.0 6647.973579691957
776.0 6652.2656970342805
784.0 6656.643697769146
792.0 6661.105896329023
800.0 6665.650607146381
808.0 6670.2761446536915
816.0 6674.980823283424
824.0 6679.762957468048
832.0 6684.620861640034
840.0 6689.552850231851
848.0 6694.55723767597
856.0 6699.63233840486
864.0 6704.7764668509935
872.0 6709.987937446838
880.0 6715.265064624865
888.0 6720.606162817542
896.0 6726.009546457342
904.0 6731.473529976734
912.0 6736.996427808186
920.0 6742.576554384173
928.0 6748.212224137159
936.0 6753.9017514996185
944.0 6759.64345090402
952.0 6765.435636782832
960.0 6771.276623568526
968.0 6777.164725693573
976.0 6783.098257590442
984.0 6789.075533691601
992.0 6795.094868429523
1000.0 6801.154576236678
1008.0 6807.252971545533
1016.0 6813.388368788561
1024.0 6819.559082398231
1032.0 6825.7634268070115
1040.0 6831.999716447375
1048.0 6838.266265751791
1056.0 6844.561389152728
1064.0 6850.883401082658
1072.0 6857.230615974048
1080.0 6863.601348259373
1088.0 6869.993912371097
1096.0 6876.406622741694
1104.0 6882.837793803635
1112.0 6889.285739989386
1120.0 6895.748775731418
1128.0 6902.225215462204
1136.0 6908.713373614211
1144.0 6915.21156461991
1152.0 6921.718102911772
1160.0 6928.231302922265
1168.0 6934.749479083861
1176.0 6941.270945829027
1184.0 6947.794017590239
1192.0 6954.31700879996
1200.0 6960.838233890663
1208.0 6967.356007294819
1216.0 6973.868643444896
1224.0 6980.3744567733675
1232.0 6986.8717617126995
1240.0 6993.358872695363
1248.0 6999.83410415383
1256.0 7006.295770520568
1264.0 7012.742186228049
1272.0 7019.171665708742
1280.0 7025.582523395116
1288.0 7031.973251646738
1296.0 7038.344469963722
1304.0 7044.698198610935
1312.0 7051.036482509836
1320.0 7057.361366581883
1328.0 7063.674895748537
1336.0 7069.979114931253
1344.0 7076.276069051494
1352.0 7082.567803030715
1360.0 7088.856361790378
1368.0 7095.14379025194
1376.0 7101.432133336861
1384.0 7107.723435966599
1392.0 7114.019743062612
1400.0 7120.32309954636
1408.0 7126.6355503393015
1416.0 7132.959140362895
1424.0 7139.295914538599
1432.0 7145.647917787875
1440.0 7152.017195032177
1448.0 7158.4057911929685
1456.0 7164.815751191705
1464.0 7171.249119949848
1472.0 7177.707942388853
1480.0 7184.194263430181
1488.0 7190.710127995291
1496.0 7197.257581005641
1504.0 7203.838667382691
1512.0 7210.455432047898
1520.0 7217.109919922722
1528.0 7223.80417592862
1536.0 7230.5402449870535
1544.0 7237.32017201948
1552.0 7244.146001947358
1560.0 7251.0197796921475
1568.0 7257.943550175306
1576.0 7264.919358318291
1584.0 7271.9492490425655
1592.0 7279.035267269584
1600.0 7286.179457920808
1608.0 7293.383865917695
1616.0 7300.650536181704
1624.0 7307.981513634296
1632.0 7315.378843196926
1640.0 7322.844569791055
1648.0 7330.380738338141
1656.0 7337.9893937596435
1664.0 7345.6725809770205
1672.0 7353.432344911732
1680.0 7361.270730485237
1688.0 7369.1897826189925
1696.0 7377.191546234458
1704.0 7385.278066253093
1712.0 7393.451387596355
1720.0 7401.713555185704
1728.0 7410.066613942598
1736.0 7418.512608788498
1744.0 7427.05358464486
1752.0 7435.691586433142
1760.0 7444.428659074806
1768.0 7453.26684749131
1776.0 7462.208196604111
1784.0 7471.254751334671
1792.0 7480.408556604444
1800.0 7489.671657334895
1808.0 7499.046098447477
1816.0 7508.533924863651
1824.0 7518.137181504877
1832.0 7527.857913292612
1840.0 7537.698165148316
1848.0 7547.659981993446
1856.0 7557.745408749465
1864.0 7567.956490337828
1872.0 7578.295271679994
1880.0 7588.763797697423
1888.0 7599.3641133115725
1896.0 7610.098263443903
1904.0 7620.968293015872
1912.0 7631.97624694894
1920.0 7643.124170164565
1928.0 7654.413971263441
1936.0 7665.844247092435
1944.0 7677.410181689066
1952.0 7689.106802553275
1960.0 7700.929137185001
1968.0 7712.872213084185
1976.0 7724.931057750763
1984.0 7737.100698684675
1992.0 7749.37616338586
2000.0 7761.752479354257
2008.0 7774.2246740898045
2016.0 7786.787775092442
2024.0 7799.436809862108
2032.0 7812.1668058987425
2040.0 7824.972790702283
2048.0 7837.849791772669
2056.0 7850.79283660984
2064.0 7863.796952713733
2072.0 7876.85716758429
2080.0 7889.968508721449
2088.0 7903.126003625146
2096.0 7916.324679795324
2104.0 7929.559564731921
2112.0 7942.825685934874
2120.0 7956.118070904122
2128.0 7969.431747139607
2136.0 7982.761742141265
2144.0 7996.103083409035
2152.0 8009.450798442859
2160.0 8022.7999147426735
2168.0 8036.145459808417
2176.0 8049.48246114003
2184.0 8062.8059462374495
2192.0 8076.110942600617
2200.0 8089.39247772947
2208.0 8102.645579123946
2216.0 8115.865274283987
2224.0 8129.0465907095295
2232.0 8142.184555900513
2240.0 8155.274197356879
2248.0 8168.310542578563
2256.0 8181.2886190655045
2264.0 8194.203454317643
2272.0 8207.050075834919
2280.0 8219.82351111727
2288.0 8232.518787664634
2296.0 8245.130932976952
2304.0 8257.654974554162
2312.0 8270.085939896202
2320.0 8282.41885650301
2328.0 8294.64875187453
2336.0 8306.770653510697
2344.0 8318.779588911451
2352.0 8330.670585576729
2360.0 8342.438671006472
2368.0 8354.078872700618
2376.0 8365.58621815911
2384.0 8376.95573488188
2392.0 8388.182450368871
2400.0 8399.261392120023
2408.0 8410.187587635268
2416.0 8420.956064414555
2424.0 8431.561849957816
2432.0 8441.999971764993
2440.0 8452.265457336025
2448.0 8462.35333417085
2456.0 8472.258629769407
2464.0 8481.97637163163
2472.0 8491.501587257468
2480.0 8500.829304146853
2488.0 8509.954549799726
2496.0 8518.872351716027
2504.0 8527.577737395692
2512.0 8536.065734338661
2520.0 8544.331370044873
2528.0 8552.369672014269
2536.0 8560.175667746787
2544.0 8567.744384742366
2552.0 8575.07085050094
2560.0 8582.150092522457
2568.0 8588.977182570503
2576.0 8595.550167470878
2584.0 8601.871898976946
2592.0 8607.945665652784
2600.0 8613.774756062454
2608.0 8619.362458770036
2616.0 8624.712062339599
2624.0 8629.82685533521
2632.0 8634.710126320946
2640.0 8639.36516386087
2648.0 8643.795256519063
2656.0 8648.003692859587
2664.0 8651.993761446518
2672.0 8655.76875084393
2680.0 8659.331949615887
2688.0 8662.686646326465
2696.0 8665.836129539734
2704.0 8668.783687819763
2712.0 8671.532609730626
2720.0 8674.086183836394
2728.0 8676.447698701135
2736.0 8678.620442888923
2744.0 8680.60770496383
2752.0 8682.412773489923
2760.0 8684.038937031277
2768.0 8685.489484151962
2776.0 8686.767703416046
2784.0 8687.876883387606
2792.0 8688.820312630707
2800.0 8689.601279709424
2808.0 8690.22307318783
2816.0 8690.68898162999
2824.0 8691.002293599977
2832.0 8691.166297661868
2840.0 8691.184282379727
2848.0 8691.059536317629
2856.0 8690.79534803964
2864.0 8690.39500610984
2872.0 8689.861799092294
2880.0 8689.19901555107
2888.0 8688.409944050247
2896.0 8687.497873153892
2904.0 8686.466091426073
2912.0 8685.317887430867
2920.0 8684.056549732344
2928.0 8682.685366894571
2936.0 8681.207627481626
2944.0 8679.626620057572
2952.0 8677.945633186484
2960.0 8676.167955432435
2968.0 8674.296875359492
2976.0 8672.33568153173
2984.0 8670.28766251322
2992.0 8668.15610686803
3000.0 8665.94430316023
3008.0 8663.655539953897
3016.0 8661.293105813098
3024.0 8658.860289301905
3032.0 8656.36037898439
3040.0 8653.79666342462
3048.0 8651.172431186673
3056.0 8648.490970834615
3064.0 8645.755570932517
3072.0 8642.969520044455
3080.0 8640.136106734495
3088.0 8637.258619566706
3096.0 8634.34034710517
3104.0 8631.384577913945
3112.0 8628.394600557109
3120.0 8625.373703598736
3128.0 8622.325175602891
3136.0 8619.252305133647
3144.0 8616.158380755076
3152.0 8613.046691031248
3160.0 8609.920524526238
3168.0 8606.783169804108
3176.0 8603.637915428939
3184.0 8600.488049964797
3192.0 8597.336861975755
3200.0 8594.18764002588
3208.0 8591.043671044692
3216.0 8587.907478373661
3224.0 8584.779608014866
3232.0 8581.660290118412
3240.0 8578.549754834406
3248.0 8575.448232312956
3256.0 8572.355952704165
3264.0 8569.273146158146
3272.0 8566.200042825001
3280.0 8563.13687285484
3288.0 8560.083866397767
3296.0 8557.041253603891
3304.0 8554.009264623319
3312.0 8550.988129606156
3320.0 8547.97807870251
3328.0 8544.979342062488
3336.0 8541.9921498362
3344.0 8539.016732173748
3352.0 8536.05331922524
3360.0 8533.102141140787
3368.0 8530.16342807049
3376.0 8527.237410164458
3384.0 8524.3243175728
3392.0 8521.42438044562
3400.0 8518.537828933031
3408.0 8515.66489318513
3416.0 8512.805803352032
3424.0 8509.96078958384
3432.0 8507.130082030662
3440.0 8504.313910842604
3448.0 8501.512506169776
3456.0 8498.72609816228
3464.0 8495.954916970228
3472.0 8493.199192743727
3480.0 8490.459155632878
3488.0 8487.735035787793
3496.0 8485.027063358575
3504.0 8482.335468495336
3512.0 8479.660481348179
3520.0 8477.002332067214
3528.0 8474.361250802544
3536.0 8471.737467704277
3544.0 8469.131212922523
3552.0 8466.542716607386
3560.0 8463.972208908976
3568.0 8461.419919977394
3576.0 8458.886079962753
3584.0 8456.370919015157
3592.0 8453.874667284712
3600.0 8451.397554921527
3608.0 8448.939812075709
3616.0 8446.501668897365
3624.0 8444.083355536599
3632.0 8441.685102143521
3640.0 8439.307138868237
3648.0 8436.949695860852
3656.0 8434.613003271477
3664.0 8432.297291250215
3672.0 8430.002789947177
3680.0 8427.729729512464
3688.0 8425.478340096191
3696.0 8423.248851848457
3704.0 8421.041494919373
3712.0 8418.856499459047
3720.0 8416.69409561758
3728.0 8414.554513545087
3736.0 8412.437983391666
3744.0 8410.344735307435
3752.0 8408.27499944249
3760.0 8406.229005946945
3768.0 8404.206984970906
3776.0 8402.209166664476
3784.0 8400.235781177766
3792.0 8398.287058660879
3800.0 8396.363229263927
3808.0 8394.464523137012
3816.0 8392.591170430245
3824.0 8390.74340129373
3832.0 8388.921445877573
3840.0 8387.125534331886
3848.0 8385.3154296875
3856.0 8383.612539350677
3864.0 8381.894507423693
3872.0 8380.20058916098
3880.0 8378.529572694768
3888.0 8376.880246157281
3896.0 8375.25139768074
3904.0 8373.641815397375
3912.0 8372.050287439408
3920.0 8370.475601939066
3928.0 8368.91654702857
3936.0 8367.371910840151
3944.0 8365.84048150603
3952.0 8364.321047158433
3960.0 8362.812395929586
3968.0 8361.313315951713
3976.0 8359.822595357036
3984.0 8358.339022277787
3992.0 8356.861384846186
4000.0 8355.388471194461
4008.0 8353.919069454834
4016.0 8352.45196775953
4024.0 8350.985954240776
4032.0 8349.519817030798
4040.0 8348.052344261818
4048.0 8346.582324066065
4056.0 8345.108544575756
4064.0 8343.629793923128
4072.0 8342.144860240394
4080.0 8340.652531659789
4088.0 8339.151596313532
4096.0 8337.64084233385
4104.0 8336.119057852966
4112.0 8334.58503100311
4120.0 8333.0375499165
4128.0 8331.475402725368
4136.0 8329.897377561932
4144.0 8328.302262558425
4152.0 8326.688845847066
4160.0 8325.055915560082
4168.0 8323.402259829698
4176.0 8321.72666678814
4184.0 8320.027924567628
4192.0 8318.304821300397
4200.0 8316.556145118662
4208.0 8314.780684154655
4216.0 8312.977226540595
4224.0 8311.144560408713
4232.0 8309.281473891228
4240.0 8307.386755120371
4248.0 8305.459192228363
4256.0 8303.497573347433
4264.0 8301.5006866098
4272.0 8299.467320147693
4280.0 8297.396262093336
4288.0 8295.286300578957
4296.0 8293.136223736776
4304.0 8290.944819699023
4312.0 8288.710876597917
4320.0 8286.43318256569
4328.0 8284.11052573456
4336.0 8281.741694236758
4344.0 8279.325476204505
4352.0 8276.86065977003
4360.0 8274.346033065554
4368.0 8271.780384223306
4376.0 8269.162501375507
4384.0 8266.491172654383
4392.0 8263.765186192162
4400.0 8260.983330121067
4408.0 8258.14439257332
4416.0 8255.247161681153
4424.0 8252.290425576783
4432.0 8249.272972392442
4440.0 8246.193590260349
4448.0 8243.051067312736
4456.0 8239.84419168182
4464.0 8236.571751499834
4472.0 8233.232534898996
4480.0 8229.825330011536
4488.0 8226.348924969676
4496.0 8222.802362811606
4504.0 8219.186531961815
4512.0 8215.503133113169
4520.0 8211.753870482518
4528.0 8207.940448286707
4536.0 8204.064570742585
4544.0 8200.127942066996
4552.0 8196.132266476794
4560.0 8192.07924818882
4568.0 8187.970591419925
4576.0 8183.808000386956
4584.0 8179.593179306759
4592.0 8175.327832396184
4600.0 8171.013663872077
4608.0 8166.652377951284
4616.0 8162.245678850654
4624.0 8157.795270787036
4632.0 8153.3028579772745
4640.0 8148.770144638219
4648.0 8144.198834986715
4656.0 8139.590633239612
4664.0 8134.947243613757
4672.0 8130.270370325995
4680.0 8125.561717593177
4688.0 8120.822989632147
4696.0 8116.055890659756
4704.0 8111.26212489285
4712.0 8106.443396548276
4720.0 8101.601409842881
4728.0 8096.737868993514
4736.0 8091.85447821702
4744.0 8086.952941730249
4752.0 8082.0349637500485
4760.0 8077.102248493263
4768.0 8072.156500176743
4776.0 8067.199423017335
4784.0 8062.232721231885
4792.0 8057.258099037242
4800.0 8052.277260650254
4808.0 8047.291910287767
4816.0 8042.303752166628
4824.0 8037.314490503686
4832.0 8032.325829515788
4840.0 8027.339473419782
4848.0 8022.3571264325155
4856.0 8017.380492770833
4864.0 8012.411276651586
4872.0 8007.45118229162
4880.0 8002.501913907781
4888.0 7997.56517571692
4896.0 7992.6426719358815
4904.0 7987.736106781514
4912.0 7982.847184470665
4920.0 7977.977609220182
4928.0 7973.129085246912
4936.0 7968.303316767701
4944.0 7963.5020079994
4952.0 7958.726863158855
4960.0 7953.979586462912
4968.0 7949.2618821284195
4976.0 7944.575454372226
4984.0 7939.922007411177
4992.0 7935.303245462122
5000.0 7930.720872741906
5008.0 7926.176593467378
5016.0 7921.672111855385
5024.0 7917.209132122775
5032.0 7912.789358486395
5040.0 7908.414495163092
5048.0 7904.086246369715
5056.0 7899.80631632311
5064.0 7895.576409240124
5072.0 7891.398229337605
5080.0 7887.273480832402
5088.0 7883.20386794136
5096.0 7879.191094881329
5104.0 7875.236865869154
5112.0 7871.342885121685
5120.0 7867.510856855766
5128.0 7863.742485288249
5136.0 7860.039325395365
5144.0 7856.400988504607
5152.0 7852.825725176915
5160.0 7849.311757973984
5168.0 7845.857309457509
5176.0 7842.46060218919
5184.0 7839.119858730721
5192.0 7835.833301643801
5200.0 7832.599153490126
5208.0 7829.415636831392
5216.0 7826.280974229297
5224.0 7823.193388245535
5232.0 7820.151101441807
5240.0 7817.152336379807
5248.0 7814.195315621234
5256.0 7811.278261727783
5264.0 7808.399397261151
5272.0 7805.556944783034
5280.0 7802.749126855129
5288.0 7799.9741660391355
5296.0 7797.230284896747
5304.0 7794.515705989663
5312.0 7791.8286518795785
5320.0 7789.16734512819
5328.0 7786.530008297195
5336.0 7783.914863948291
5344.0 7781.320134643173
5352.0 7778.744042943539
5360.0 7776.184811411087
5368.0 7773.640662607511
5376.0 7771.109819094511
5384.0 7768.59050343378
5392.0 7766.080938187018
5400.0 7763.5793459159195
5408.0 7761.0839491821835
5416.0 7758.592970547505
5424.0 7756.1046325735815
5432.0 7753.61715782211
5440.0 7751.128768854786
5448.0 7748.637688233309
5456.0 7746.142138519374
5464.0 7743.640342274676
5472.0 7741.1305220609165
5480.0 7738.610900439788
5488.0 7736.079699972989
5496.0 7733.535143222216
5504.0 7730.975452749165
5512.0 7728.398851115534
5520.0 7725.80356088302
5528.0 7723.18780461332
5536.0 7720.549804868128
5544.0 7717.887784209145
5552.0 7715.199965198064
5560.0 7712.484570396585
5568.0 7709.739822366402
5576.0 7706.963943669213
5584.0 7704.1551568667155
5592.0 7701.311684520604
5600.0 7698.4317491925785
5608.0 7695.513573444333
5616.0 7692.555379837566
5624.0 7689.555390933974
5632.0 7686.511829295253
5640.0 7683.422917483102
5648.0 7680.286878059213
5656.0 7677.101933585288
5664.0 7673.866306623021
5672.0 7670.57821973411
5680.0 7667.235895480251
5688.0 7663.83755642314
5696.0 7660.381425124477
5704.0 7656.865724145954
5712.0 7653.288676049273
5720.0 7649.648503396127
5728.0 7645.9434287482145
5736.0 7642.171674667231
5744.0 7638.331463714874
5752.0 7634.421018452841
5760.0 7630.438561442828
5768.0 7626.382315246533
5776.0 7622.250558032477
5784.0 7618.043081147954
5792.0 7613.761331954937
5800.0 7609.406842062298
5808.0 7604.981143078903
5816.0 7600.485766613621
5824.0 7595.922244275319
5832.0 7591.292107672867
5840.0 7586.596888415132
5848.0 7581.838118110983
5856.0 7577.017328369286
5864.0 7572.136050798911
5872.0 7567.195817008727
5880.0 7562.198158607602
5888.0 7557.144607204403
5896.0 7552.036694407998
5904.0 7546.875951827256
5912.0 7541.663911071047
5920.0 7536.402103748234
5928.0 7531.092061467692
5936.0 7525.735315838284
5944.0 7520.333398468881
5952.0 7514.887840968348
5960.0 7509.400174945557
5968.0 7503.871932009374
5976.0 7498.304643768669
5984.0 7492.699841832307
5992.0 7487.059057809159
6000.0 7481.383823308093
6008.0 7475.675669937977
6016.0 7469.936129307677
6024.0 7464.166733026064
6032.0 7458.369012702006
6040.0 7452.544499944371
6048.0 7446.694726362024
6056.0 7440.8212235638375
6064.0 7434.9255231586785
6072.0 7429.009156755413
6080.0 7423.073655962912
6088.0 7417.1205523900435
6096.0 7411.151377645675
6104.0 7405.167663338673
6112.0 7399.1709410779085
6120.0 7393.162742472248
6128.0 7387.144599130561
6136.0 7381.118042661714
6144.0 7375.084604674576
6152.0 7369.045816778016
6160.0 7363.003210580901
6168.0 7356.9583176921005
6176.0 7350.912669720482
6184.0 7344.867798274913
6192.0 7338.8252349642635
6200.0 7332.786511397399
6208.0 7326.75315918319
6216.0 7320.7267099305045
6224.0 7314.7086952482105
6232.0 7308.700646745175
6240.0 7302.704096030267
6248.0 7296.720574712355
6256.0 7290.751614400308
6264.0 7284.798746702992
6272.0 7278.863503229278
6280.0 7272.947415588031
6288.0 7267.0520153881225
6296.0 7261.178834238417
6304.0 7255.329403747785
6312.0 7249.505255525096
6320.0 7243.707921179216
6328.0 7237.938932319014
6336.0 7232.199820553358
6344.0 7226.492117491118
6352.0 7220.817354741158
6360.0 7215.17706391235
6368.0 7209.5727766135615
6376.0 7204.006024453659
6384.0 7198.478339041511
6392.0 7192.991251985988
6400.0 7187.5462948959575
6408.0 7182.144999380285
6416.0 7176.788888031544
6424.0 7171.478756341716
6432.0 7166.214150319883
6440.0 7160.994492782737
6448.0 7155.819206546971
6456.0 7150.687714429277
6464.0 7145.599439246348
6472.0 7140.553803814876
6480.0 7135.550230951554
6488.0 7130.588143473076
6496.0 7125.6669641961325
6504.0 7120.786115937416
6512.0 7115.945021513621
6520.0 7111.1431037414395
6528.0 7106.379785437563
6536.0 7101.654489418685
6544.0 7096.9666385015
6552.0 7092.315655502697
6560.0 7087.70096323897
6568.0 7083.1219845270125
6576.0 7078.578142183516
6584.0 7074.068859025174
6592.0 7069.593557868679
6600.0 7065.151661530724
6608.0 7060.742592828
6616.0 7056.365774577202
6624.0 7052.02062959502
6632.0 7047.706580698148
6640.0 7043.423050703279
6648.0 7039.169462427105
6656.0 7034.945238686318
6664.0 7030.749802297612
6672.0 7026.58257607768
6680.0 7022.442982843213
6688.0 7018.330445410903
6696.0 7014.244386597446
6704.0 7010.1842292195315
6712.0 7006.149396093852
6720.0 7002.139310037103
6728.0 6998.153393865975
6736.0 6994.191070397161
6744.0 6990.251762447353
6752.0 6986.334892833245
6760.0 6982.439884371528
6768.0 6978.566159878897
6776.0 6974.713142172041
6784.0 6970.880254067656
6792.0 6967.066918382434
6800.0 6963.272557933066
6808.0 6959.496595536245
6816.0 6955.738454008666
6824.0 6951.997556167018
6832.0 6948.2733248279965
6840.0 6944.565182808293
6848.0 6940.872552924601
6856.0 6937.194857993612
6864.0 6933.531520832017
6872.0 6929.881964256513
6880.0 6926.245611083788
6888.0 6922.621884130539
6896.0 6919.010206213456
6904.0 6915.410000149232
6912.0 6911.820688754558
6920.0 6908.2416948461305
6928.0 6904.672441240639
6936.0 6901.112350754777
6944.0 6897.560846205236
6952.0 6894.017350408712
6960.0 6890.481286181895
6968.0 6886.952076341477
6976.0 6883.429143704153
6984.0 6879.911911086613
6992.0 6876.399801305552
7000.0 6872.892237177661
7008.0 6869.388641519632
7016.0 6865.88843714816
7024.0 6862.391046879938
7032.0 6858.895893531654
7040.0 6855.402399920005
7048.0 6851.909988861683
