0.0 6625.02734375
8.0 6624.596279065879
16.0 6624.165981506623
24.0 6623.7372181971
32.0 6623.310756262176
40.0 6622.8873628267165
48.0 6622.467805015588
56.0 6622.052849953657
64.0 6621.6432647657875
72.0 6621.239816576849
80.0 6620.843272511705
88.0 6620.454399695225
96.0 6620.073965252272
104.0 6619.702736307712
112.0 6619.341479986413
120.0 6618.990963413242
128.0 6618.651953713062
136.0 6618.325218010742
144.0 6618.011523431146
152.0 6617.7116370991425
160.0 6617.426326139595
168.0 6617.156357677373
176.0 6616.902498837339
184.0 6616.665516744363
192.0 6616.446178523308
200.0 6616.245251299042
208.0 6616.06350219643
216.0 6615.901698340339
224.0 6615.760606855634
232.0 6615.640994867184
240.0 6615.543629499852
248.0 6615.469210384837
256.0 6615.416538054766
264.0 6615.382298648334
272.0 6615.363067595777
280.0 6615.355420327326
288.0 6615.355932273217
296.0 6615.361178863684
304.0 6615.367735528957
312.0 6615.372177699275
320.0 6615.371080804867
328.0 6615.36102027597
336.0 6615.338571542816
344.0 6615.300310035638
352.0 6615.242811184672
360.0 6615.1626504201495
368.0 6615.056403172305
376.0 6614.920644871373
384.0 6614.751950947585
392.0 6614.546896831176
400.0 6614.30205795238
408.0 6614.014009741429
416.0 6613.67932762856
424.0 6613.2945870440035
432.0 6612.856363417994
440.0 6612.361232180765
448.0 6611.8057687625505
456.0 6611.186548593585
464.0 6610.5001471041005
472.0 6609.743139724333
480.0 6608.912101884513
488.0 6607.92529296875
496.0 6607.016291066427
504.0 6605.959307428543
512.0 6604.845181553029
520.0 6603.686438373037
528.0 6602.4956028217175
536.0 6601.285199832221
544.0 6600.067754337699
552.0 6598.8557912713
560.0 6597.661835566179
568.0 6596.498412155484
576.0 6595.378045972367
584.0 6594.3132619499775
592.0 6593.316585021467
600.0 6592.400540119988
608.0 6591.577652178689
616.0 6590.860446130721
624.0 6590.261446909238
632.0 6589.793179447387
640.0 6589.4681686783215
648.0 6589.2989395351915
656.0 6589.298016951147
664.0 6589.477925859339
672.0 6589.851191192921
680.0 6590.43033788504
688.0 6591.2278908688495
696.0 6592.2563750775
704.0 6593.528315444141
712.0 6595.056236901924
720.0 6596.852664384001
728.0 6598.930122823523
736.0 6601.30093744612
744.0 6603.96847636129
752.0 6606.923730288999
760.0 6610.156783677538
768.0 6613.657720975196
776.0 6617.41662663026
784.0 6621.423585091022
792.0 6625.668680805767
800.0 6630.141998222788
808.0 6634.833621790374
816.0 6639.733635956813
824.0 6644.832125170394
832.0 6650.119173879408
840.0 6655.584866532141
848.0 6661.219287576883
856.0 6667.012521461925
864.0 6672.954652635555
872.0 6679.035765546062
880.0 6685.245944641735
888.0 6691.575274370865
896.0 6698.013839181738
904.0 6704.551723522646
912.0 6711.179011841876
920.0 6717.885788587719
928.0 6724.662138208462
936.0 6731.498145152395
944.0 6738.38389386781
952.0 6745.309468802992
960.0 6752.264954406232
968.0 6759.24043512582
976.0 6766.225995410043
984.0 6773.212642283915
992.0 6780.197476013397
1000.0 6787.180067856582
1008.0 6794.159996125679
1016.0 6801.136839132896
1024.0 6808.110175190442
1032.0 6815.079582610524
1040.0 6822.044639705351
1048.0 6829.004924787133
1056.0 6835.960016168076
1064.0 6842.909492160392
1072.0 6849.852931076286
1080.0 6856.789911227967
1088.0 6863.720010927645
1096.0 6870.642808487528
1104.0 6877.557882219824
1112.0 6884.464810436741
1120.0 6891.363171450489
1128.0 6898.252543573274
1136.0 6905.132505117308
1144.0 6912.002634394797
1152.0 6918.862509717949
1160.0 6925.711709398974
1168.0 6932.549811750078
1176.0 6939.376395083474
1184.0 6946.191037711368
1192.0 6952.993317945966
1200.0 6959.782814099481
1208.0 6966.559104484117
1216.0 6973.321767412086
1224.0 6980.070387215055
1232.0 6986.805036285698
1240.0 6993.526627210451
1248.0 7000.236155603517
1256.0 7006.934617079098
1264.0 7013.6230072514
1272.0 7020.302321734626
1280.0 7026.97355614298
1288.0 7033.637706090665
1296.0 7040.295767191886
1304.0 7046.948735060845
1312.0 7053.597605311748
1320.0 7060.243373558797
1328.0 7066.887035416196
1336.0 7073.529586498151
1344.0 7080.172022418862
1352.0 7086.815338792536
1360.0 7093.460531233375
1368.0 7100.108595355583
1376.0 7106.760526773364
1384.0 7113.417321100922
1392.0 7120.079973952461
1400.0 7126.749480942183
1408.0 7133.426837684295
1416.0 7140.113039792997
1424.0 7146.809082882496
1432.0 7153.515962566995
1440.0 7160.234674460696
1448.0 7166.9662141778035
1456.0 7173.711577332523
1464.0 7180.471759539057
1472.0 7187.247912752245
1480.0 7194.042535569619
1488.0 7200.858814034826
1496.0 7207.699939698229
1504.0 7214.569104110197
1512.0 7221.469498821096
1520.0 7228.40431538129
1528.0 7235.376745341149
1536.0 7242.389980251037
1544.0 7249.447211661319
1552.0 7256.551631122365
1560.0 7263.706430184537
1568.0 7270.914800398204
1576.0 7278.1799333137305
1584.0 7285.505020481485
1592.0 7292.893253451833
1600.0 7300.347823775139
1608.0 7307.871923001769
1616.0 7315.468742682093
1624.0 7323.1414743664745
1632.0 7330.89330960528
1640.0 7338.727439948876
1648.0 7346.647056947628
1656.0 7354.655352151904
1664.0 7362.7555171120675
1672.0 7370.9507433784875
1680.0 7379.24422250153
1688.0 7387.639146031559
1696.0 7396.138705518943
1704.0 7404.7460925140485
1712.0 7413.464478918078
1720.0 7422.293442893785
1728.0 7431.224808651444
1736.0 7440.249390995409
1744.0 7449.358004730035
1752.0 7458.541464659675
1760.0 7467.790585588686
1768.0 7477.09618232142
1776.0 7486.449069662233
1784.0 7495.840062415479
1792.0 7505.259975385514
1800.0 7514.6996233766895
1808.0 7524.149821193362
1816.0 7533.601383639884
1824.0 7543.0451255206135
1832.0 7552.471861639901
1840.0 7561.872406802105
1848.0 7571.237575811576
1856.0 7580.55818347267
1864.0 7589.825044589743
1872.0 7599.028973967147
1880.0 7608.1607864092375
1888.0 7617.21129672037
1896.0 7626.1713197048975
1904.0 7635.031670167175
1912.0 7643.783162911557
1920.0 7652.416612742399
1928.0 7660.922834464053
1936.0 7669.292642880875
1944.0 7677.51685279722
1952.0 7685.5862790174415
1960.0 7693.493177372737
1968.0 7701.246304734044
1976.0 7708.8649458670925
1984.0 7716.3685557791705
1992.0 7723.776589477572
2000.0 7731.108501969589
2008.0 7738.383748262512
2016.0 7745.621783363635
2024.0 7752.842062280249
2032.0 7760.064040019646
2040.0 7767.307171589117
2048.0 7774.590911995956
2056.0 7781.934716247455
2064.0 7789.358039350903
2072.0 7796.880336313595
2080.0 7804.521062142822
2088.0 7812.299671845875
2096.0 7820.235620430049
2104.0 7828.348362902633
2112.0 7836.65735427092
2120.0 7845.182049542202
2128.0 7853.941903723772
2136.0 7862.95637182292
2144.0 7872.244908846939
2152.0 7881.826969803123
2160.0 7891.7220096987585
2168.0 7901.949483541144
2176.0 7912.528846337567
2184.0 7923.479553095322
2192.0 7934.8210588217
2200.0 7946.572804265277
2208.0 7958.744863022836
2216.0 7971.321778295876
2224.0 7984.2837841571845
2232.0 7997.611114679558
2240.0 8011.284003935787
2248.0 8025.282685998666
2256.0 8039.587394940986
2264.0 8054.178364835541
2272.0 8069.035829755123
2280.0 8084.140023772525
2288.0 8099.47118096054
2296.0 8115.009535391958
2304.0 8130.735321139575
2312.0 8146.628772276184
2320.0 8162.670122874574
2328.0 8178.8396070075405
2336.0 8195.117458747876
2344.0 8211.483912168374
2352.0 8227.919201341823
2360.0 8244.403560341021
2368.0 8260.917223238757
2376.0 8277.440424107826
2384.0 8293.95339702102
2392.0 8310.436376051131
2400.0 8326.869595270951
2408.0 8343.233288753274
2416.0 8359.507690570892
2424.0 8375.673034796599
2432.0 8391.709555503186
2440.0 8407.597486763449
2448.0 8423.317295531757
2456.0 8438.853096507151
2464.0 8454.19189828195
2472.0 8469.320789022175
2480.0 8484.226856893838
2488.0 8498.897190062962
2496.0 8513.318876695565
2504.0 8527.479004957668
2512.0 8541.364663015289
2520.0 8554.962939034443
2528.0 8568.260921181154
2536.0 8581.24569762144
2544.0 8593.904356521316
2552.0 8606.223986046803
2560.0 8618.191674363925
2568.0 8629.794509638694
2576.0 8641.019580037131
2584.0 8651.853973725254
2592.0 8662.284778869085
2600.0 8672.299083634642
2608.0 8681.88397618794
2616.0 8691.026544695003
2624.0 8699.713877321848
2632.0 8707.93306223449
2640.0 8715.671187598955
2648.0 8722.915341581258
2656.0 8729.652612347418
2664.0 8735.870088063453
2672.0 8741.554856895382
2680.0 8746.694007009228
2688.0 8751.274627156066
2696.0 8755.290116980512
2704.0 8758.755781225884
2712.0 8761.691674165393
2720.0 8764.11785007225
2728.0 8766.05436321967
2736.0 8767.521267880857
2744.0 8768.538618329027
2752.0 8769.12646883739
2760.0 8769.304873679155
2768.0 8769.093887127532
2776.0 8768.513563455737
2784.0 8767.583956936975
2792.0 8766.325121844462
2800.0 8764.757112451407
2808.0 8762.899983031017
2816.0 8760.773787856508
2824.0 8758.398581201087
2832.0 8755.79441733797
2840.0 8752.981350540364
2848.0 8749.97943508148
2856.0 8746.808725234529
2864.0 8743.489275272721
2872.0 8740.041139469271
2880.0 8736.484372097386
2888.0 8732.839027430276
2896.0 8729.12515974116
2904.0 8725.362823303236
2912.0 8721.572072389725
2920.0 8717.772961273835
2928.0 8713.985544228774
2936.0 8710.229398322723
2944.0 8706.513440560648
2952.0 8702.836100352677
2960.0 8699.195364400468
2968.0 8695.589219405665
2976.0 8692.015652069924
2984.0 8688.472649094896
2992.0 8684.958197182237
3000.0 8681.470283033597
3008.0 8678.006893350632
3016.0 8674.566014834987
3024.0 8671.145634188319
3032.0 8667.743738112278
3040.0 8664.35831330852
3048.0 8660.987346478694
3056.0 8657.628824324456
3064.0 8654.280733547457
3072.0 8650.941060849347
3080.0 8647.607792931778
3088.0 8644.278916496405
3096.0 8640.952418244882
3104.0 8637.626284878857
3112.0 8634.298503099983
3120.0 8630.967059609919
3128.0 8627.629941110306
3136.0 8624.285134302803
3144.0 8620.930625889063
3152.0 8617.564402570737
3160.0 8614.184451049478
3168.0 8610.78875802694
3176.0 8607.255859375
3184.0 8603.94288758732
3192.0 8600.493793827489
3200.0 8597.031310563685
3208.0 8593.558719471812
3216.0 8590.079302227772
3224.0 8586.596340507464
3232.0 8583.113115986795
3240.0 8579.632910341667
3248.0 8576.159005247979
3256.0 8572.694682381636
3264.0 8569.24322341854
3272.0 8565.807910034591
3280.0 8562.392023905695
3288.0 8558.998846707753
3296.0 8555.631660116669
3304.0 8552.293745808342
3312.0 8548.988385458677
3320.0 8545.718860743575
3328.0 8542.488453338938
3336.0 8539.300444920673
3344.0 8536.158117164674
3352.0 8533.064751746851
3360.0 8530.023630343105
3368.0 8527.038034629333
3376.0 8524.111246281444
3384.0 8521.246546975337
3392.0 8518.447218386917
3400.0 8515.716542192082
3408.0 8513.057800066736
3416.0 8510.474273686787
3424.0 8507.969141309244
3432.0 8505.542076404146
3440.0 8503.188477277412
3448.0 8500.903482831327
3456.0 8498.68223196819
3464.0 8496.5198635903
3472.0 8494.411516599948
3480.0 8492.352329899437
3488.0 8490.337442391055
3496.0 8488.3619929771
3504.0 8486.421120559868
3512.0 8484.509964041657
3520.0 8482.62366232476
3528.0 8480.757354311472
3536.0 8478.906178904092
3544.0 8477.065275004912
3552.0 8475.229781516235
3560.0 8473.394837340345
3568.0 8471.555581379549
3576.0 8469.707152536135
3584.0 8467.844689712405
3592.0 8465.963331810648
3600.0 8464.058217733165
3608.0 8462.124486382249
3616.0 8460.157276660197
3624.0 8458.151727469303
3632.0 8456.102977711867
3640.0 8454.006166290179
3648.0 8451.856432106537
3656.0 8449.64891406324
3664.0 8447.1083984375
3672.0 8445.042443823577
3680.0 8442.644256684302
3688.0 8440.19120107661
3696.0 8437.690291617406
3704.0 8435.1485429236
3712.0 8432.572969612094
3720.0 8429.970586299796
3728.0 8427.348407603618
3736.0 8424.713448140463
3744.0 8422.072722527235
3752.0 8419.433245380846
3760.0 8416.802031318197
3768.0 8414.1860949562
3776.0 8411.592450911761
3784.0 8409.028113801787
3792.0 8406.500098243181
3800.0 8404.015418852856
3808.0 8401.581090247711
3816.0 8399.20412704466
3824.0 8396.891543860605
3832.0 8394.650355312457
3840.0 8392.487576017122
3848.0 8390.410220591502
3856.0 8388.42530365251
3864.0 8386.53983981705
3872.0 8384.760843702024
3880.0 8383.095329924348
3888.0 8381.550313100925
3896.0 8380.13280784866
3904.0 8378.849828784461
3912.0 8377.708273176126
3920.0 8376.708402163522
3928.0 8375.840417143163
3936.0 8375.093680071532
3944.0 8374.457552905113
3952.0 8373.921397600383
3960.0 8373.474576113831
3968.0 8373.106450401938
3976.0 8372.806382421186
3984.0 8372.563734128056
3992.0 8372.367867479037
4000.0 8372.208144430606
4008.0 8372.073926939249
4016.0 8371.954576961447
4024.0 8371.839456453687
4032.0 8371.717927372445
4040.0 8371.57935167421
4048.0 8371.413091315462
4056.0 8371.208508252685
4064.0 8370.954964442362
4072.0 8370.641821840976
4080.0 8370.258442405006
4088.0 8369.79418809094
4096.0 8369.238420855261
4104.0 8368.58050265445
4112.0 8367.80979544499
4120.0 8366.915661183362
4128.0 8365.887461826052
4136.0 8364.714559329543
4144.0 8363.386315650316
4152.0 8361.892092744854
4160.0 8360.222808009657
4168.0 8358.380855175821
4176.0 8356.373764143787
4184.0 8354.209088879687
4192.0 8351.894383349649
4200.0 8349.437201519811
4208.0 8346.845097356298
4216.0 8344.125624825243
4224.0 8341.286337892776
4232.0 8338.33479052503
4240.0 8335.278536688133
4248.0 8332.125130348217
4256.0 8328.882125471415
4264.0 8325.557076023857
4272.0 8322.157535971673
4280.0 8318.691059280996
4288.0 8315.165199917956
4296.0 8311.58751184868
4304.0 8307.965549039303
4312.0 8304.30686545596
4320.0 8300.619015064774
4328.0 8296.909551831883
4336.0 8293.186029723413
4344.0 8289.456002705496
4352.0 8285.727024744263
4360.0 8282.006649805846
4368.0 8278.302431856375
4376.0 8274.621924861984
4384.0 8270.972682788799
4392.0 8267.362259602956
4400.0 8263.798176221646
4408.0 8260.284302874326
4416.0 8256.817599594804
4424.0 8253.39425703477
4432.0 8250.010465845899
4440.0 8246.662416679868
4448.0 8243.346300188368
4456.0 8240.058307023073
4464.0 8236.79462783566
4472.0 8233.551453277818
4480.0 8230.324974001225
4488.0 8227.11138065756
4496.0 8223.906863898499
4504.0 8220.707614375731
4512.0 8217.509822740934
4520.0 8214.309679645787
4528.0 8211.103375741972
4536.0 8207.88710168117
4544.0 8204.65704811506
4552.0 8201.409405695324
4560.0 8198.140365073641
4568.0 8194.846116901694
4576.0 8191.522851831162
4584.0 8188.166760513727
4592.0 8184.774033601068
4600.0 8181.340861744866
4608.0 8177.863435596803
4616.0 8174.337945808559
4624.0 8170.7605830318125
4632.0 8167.127537918247
4640.0 8163.435001119543
4648.0 8159.679444743916
4656.0 8155.8600686251675
4664.0 8151.977604335133
4672.0 8148.0328004391995
4680.0 8144.026405502753
4688.0 8139.959168091182
4696.0 8135.831836769869
4704.0 8131.645160104205
4712.0 8127.399886659577
4720.0 8123.096765001369
4728.0 8118.736543694969
4736.0 8114.319971305767
4744.0 8109.847796399143
4752.0 8105.320767540489
4760.0 8100.739633295191
4768.0 8096.105142228635
4776.0 8091.418042906207
4784.0 8086.679083893297
4792.0 8081.88901375529
4800.0 8077.04858105757
4808.0 8072.158534365528
4816.0 8067.219622244549
4824.0 8062.23259326002
4832.0 8057.198195977328
4840.0 8052.117178961859
4848.0 8046.990290779002
4856.0 8041.8182799941405
4864.0 8036.601895172665
4872.0 8031.341884879958
4880.0 8026.03899768141
4888.0 8020.693986081049
4896.0 8015.30874349508
4904.0 8009.887878594329
4912.0 8004.43639527304
4920.0 7998.95929742546
4928.0 7993.461588945831
4936.0 7987.948273728402
4944.0 7982.424355667415
4952.0 7976.8948386571155
4960.0 7971.364726591751
4968.0 7965.839023365564
4976.0 7960.322732872802
4984.0 7954.820859007707
4992.0 7949.338405664528
5000.0 7943.880376737507
5008.0 7938.45177612089
5016.0 7933.057607708924
5024.0 7927.702875395852
5032.0 7922.39258307592
5040.0 7917.1317346433725
5048.0 7911.925333992455
5056.0 7906.778385017414
5064.0 7901.695891612493
5072.0 7896.682857671936
5080.0 7891.744287089992
5088.0 7886.885183760903
5096.0 7882.110551578915
5104.0 7877.4253944382735
5112.0 7872.834716233223
5120.0 7868.34352085801
5128.0 7863.956812206877
5136.0 7859.679321473059
5144.0 7855.5122283032315
5152.0 7851.454225873313
5160.0 7847.5039561974
5168.0 7843.660061289589
5176.0 7839.92118316398
5184.0 7836.285963834668
5192.0 7832.753045315752
5200.0 7829.32106962133
5208.0 7825.988678765498
5216.0 7822.754514762354
5224.0 7819.617219625996
5232.0 7816.5754353705215
5240.0 7813.627804010027
5248.0 7810.772967558611
5256.0 7808.009568030371
5264.0 7805.336247439403
5272.0 7802.751647799808
5280.0 7800.254411125679
5288.0 7797.843179431117
5296.0 7795.5165947302185
5304.0 7793.2732990370805
5312.0 7791.111934365801
5320.0 7789.031142730477
5328.0 7787.029566145207
5336.0 7785.1058466240875
5344.0 7783.258626181217
5352.0 7781.486546830692
5360.0 7779.78825058661
5368.0 7778.162379463069
5376.0 7776.607574500689
5384.0 7775.120981117923
5392.0 7773.695232429361
5400.0 7772.322113951592
5408.0 7770.993411201209
5416.0 7769.7009096948
5424.0 7768.436394948958
5432.0 7767.191652480275
5440.0 7765.958467805338
5448.0 7764.7286264407385
5456.0 7763.493913903069
5464.0 7762.24611570892
5472.0 7760.977017374881
5480.0 7759.678404417544
5488.0 7758.342062353498
5496.0 7756.959776699335
5504.0 7755.523332971645
5512.0 7754.02451668702
5520.0 7752.45511336205
5528.0 7750.806908513325
5536.0 7749.071687657435
5544.0 7747.241236310974
5552.0 7745.30733999053
5560.0 7743.261784212694
5568.0 7741.096354494057
5576.0 7738.80283635121
5584.0 7736.373015300745
5592.0 7733.798676859249
5600.0 7731.071606543315
5608.0 7728.183589869534
5616.0 7725.126412354498
5624.0 7721.892304989558
5632.0 7718.4815609578645
5640.0 7714.901481851044
5648.0 7711.159602681659
5656.0 7707.263458462273
5664.0 7703.220584205454
5672.0 7699.038514923764
5680.0 7694.724785629767
5688.0 7690.28693133603
5696.0 7685.732487055116
5704.0 7681.068987799589
5712.0 7676.303968582015
5720.0 7671.444964414958
5728.0 7666.499510310981
5736.0 7661.475141282651
5744.0 7656.379392342532
5752.0 7651.219798503187
5760.0 7646.003894777182
5768.0 7640.739216177081
5776.0 7635.433297715449
5784.0 7630.0936744048495
5792.0 7624.727881257848
5800.0 7619.343453287009
5808.0 7613.947925504896
5816.0 7608.548832924075
5824.0 7603.15371055711
5832.0 7597.770093416567
5840.0 7592.405516515007
5848.0 7587.067514864996
5856.0 7581.7636234791
5864.0 7576.501377365782
5872.0 7571.286134653404
5880.0 7566.114866505551
5888.0 7560.9825245544225
5896.0 7555.884060432216
5904.0 7550.814425771132
5912.0 7545.7685722033675
5920.0 7540.741451361122
5928.0 7535.728014876593
5936.0 7530.723214381981
5944.0 7525.722001509483
5952.0 7520.719327891298
5960.0 7515.7101451596245
5968.0 7510.689404946661
5976.0 7505.652058884607
5984.0 7500.593058605661
5992.0 7495.507355742021
6000.0 7490.389901925885
6008.0 7485.235648789453
6016.0 7480.039547964922
6024.0 7474.796551084492
6032.0 7469.501609780362
6040.0 7464.149675684729
6048.0 7458.735700429794
6056.0 7453.254635647752
6064.0 7447.7014329708045
6072.0 7442.0710440311495
6080.0 7436.358420460986
6088.0 7430.55851389251
6096.0 7424.666275957924
6104.0 7418.676658289424
6112.0 7412.584833348975
6120.0 7406.391806998392
6128.0 7400.104871143838
6136.0 7393.731629208658
6144.0 7387.279684616202
6152.0 7380.756640789817
6160.0 7374.170101152849
6168.0 7367.527669128648
6176.0 7360.836948140561
6184.0 7354.105541611937
6192.0 7347.341052966121
6200.0 7340.551085626462
6208.0 7333.743243016308
6216.0 7326.925128559007
6224.0 7320.104345677907
6232.0 7313.288497796354
6240.0 7306.485188337698
6248.0 7299.702020725284
6256.0 7292.946598382461
6264.0 7286.226524732579
6272.0 7279.549403198982
6280.0 7272.922837205019
6288.0 7266.354430174039
6296.0 7259.8517855293885
6304.0 7253.4225066944155
6312.0 7247.074197092468
6320.0 7240.814460146894
6328.0 7234.65089928104
6336.0 7228.591117918255
6344.0 7222.642719481885
6352.0 7216.4111328125
6360.0 7211.108583185902
6368.0 7205.52486357033
6376.0 7200.055575606043
6384.0 7194.694145547464
6392.0 7189.433999649015
6400.0 7184.268564165122
6408.0 7179.191265350208
6416.0 7174.195529458696
6424.0 7169.274782745009
6432.0 7164.422451463573
6440.0 7159.631961868809
6448.0 7154.896740215142
6456.0 7150.210212756995
6464.0 7145.5658057487935
6472.0 7140.956945444959
6480.0 7136.377058099915
6488.0 7131.819569968087
6496.0 7127.277907303897
6504.0 7122.745496361769
6512.0 7118.215763396128
6520.0 7113.682134661395
6528.0 7109.138036411996
6536.0 7104.576894902354
6544.0 7099.992136386892
6552.0 7095.377187120033
6560.0 7090.725473356203
6568.0 7086.030421349824
6576.0 7081.285457355319
6584.0 7076.484007627113
6592.0 7071.619498419628
6600.0 7066.685492625543
6608.0 7061.681224797667
6616.0 7056.613512388627
6624.0 7051.489701871968
6632.0 7046.317139721233
6640.0 7041.103172409966
6648.0 7035.85514641171
6656.0 7030.580408200008
6664.0 7025.286304248404
6672.0 7019.9801810304425
6680.0 7014.669385019667
6688.0 7009.361262689619
6696.0 7004.063160513846
6704.0 6998.782424965888
6712.0 6993.526402519289
6720.0 6988.302439647594
6728.0 6983.117882824346
6736.0 6977.980078523088
6744.0 6972.896373217364
6752.0 6967.874113380719
6760.0 6962.920645486694
6768.0 6958.043316008834
6776.0 6953.249471420682
6784.0 6948.546458195782
6792.0 6943.941622807677
6800.0 6939.442311729912
6808.0 6935.0558714360295
6816.0 6930.789648399574
6824.0 6926.650989094087
6832.0 6922.647239993113
6840.0 6918.785747570197
6848.0 6915.072282889511
6856.0 6911.50261157763
6864.0 6908.068584048037
6872.0 6904.762041625178
6880.0 6901.574825633495
6888.0 6898.498777397429
6896.0 6895.525738241423
6904.0 6892.6475494899205
6912.0 6889.856052467363
6920.0 6887.143088498194
6928.0 6884.500498906856
6936.0 6881.920125017791
6944.0 6879.393808155442
6952.0 6876.913389644252
6960.0 6874.470710808663
6968.0 6872.057612973118
6976.0 6869.665937462059
6984.0 6867.287525599931
6992.0 6864.914218711173
7000.0 6862.537858120229
7008.0 6860.150285151542
7016.0 6857.743341129556
7024.0 6855.308867378711
7032.0 6852.83870522345
7040.0 6850.324695988218
7048.0 6847.758680997455
7056.0 6845.132501575604
7064.0 6842.437999047108
7072.0 6839.66701473641
7080.0 6836.811389967954
7088.0 6833.863013239236
7096.0 6830.817230466963
7104.0 6827.675142067613
7112.0 6824.438392765091
7120.0 6821.108627283297
7128.0 6817.6874903461385
7136.0 6814.1766266775185
7144.0 6810.5776810013385
7152.0 6806.892298041505
7160.0 6803.122122521919
7168.0 6799.268799166487
7176.0 6795.333972699112
7184.0 6791.319287843695
7192.0 6787.226389324144
7200.0 6783.0569218643595
7208.0 6778.812530188247
7216.0 6774.494859019711
7224.0 6770.105553082652
7232.0 6765.646257100976
7240.0 6761.118615798587
7248.0 6756.5242738993875
7256.0 6751.864876127283
7264.0 6747.142067206175
7272.0 6742.357491859969
7280.0 6737.512794812567
7288.0 6732.609620787875
7296.0 6727.649614509796
7304.0 6722.634420702232
7312.0 6717.56568408909
7320.0 6712.4450493942695
7328.0 6707.274161341678
7336.0 6702.054659735798
7344.0 6696.7881437258
7352.0 6691.476192410011
7360.0 6686.120384745648
7368.0 6680.722299689926
7376.0 6675.283516200062
7384.0 6669.80561323327
7392.0 6664.29016974677
7400.0 6658.738764697775
7408.0 6653.152977043503
7416.0 6647.53438574117
7424.0 6641.884569747993
7432.0 6636.205108021186
7440.0 6630.497579517966
7448.0 6624.763563195551
7456.0 6619.004638011155
7464.0 6613.222382921997
7472.0 6607.418376885291
7480.0 6601.5941988582545
7488.0 6595.751427798103
7496.0 6589.891642662052
7504.0 6584.016422407319
7512.0 6578.12734599112
7520.0 6572.225992370672
7528.0 6566.31394050319
7536.0 6560.392769345891
7544.0 6554.46405785599
7552.0 6548.529384990706
7560.0 6542.590329707252
7568.0 6536.648470962848
