0.0 6625.02734375
244.32916495378217 6615.50048828125
488.65832990756434 6607.92529296875
732.9874948613465 6600.373046875
977.3166598151288 6767.3759765625
1221.6458247689109 6978.0859375
1465.974989722693 7182.14306640625
1710.3041546764753 7411.60693359375
1954.6333196302571 7688.20703125
2198.9624845840394 7945.02490234375
2443.2916495378217 8414.0869140625
2687.620814491604 8751.0703125
2931.949979445386 8712.1259765625
3176.279144399168 8607.255859375
3420.6083093529505 8509.021484375
3664.937474306733 8447.1083984375
3909.2666392605142 8378.08203125
4153.595804214297 8361.5732421875
4397.924969168079 8264.7177734375
4642.254134121861 8162.38330078125
4886.583299075644 8021.6435546875
5130.912464029426 7862.38671875
5375.241628983208 7776.751953125
5619.5707939369895 7723.705078125
5863.899958890772 7576.56689453125
6108.229123844554 7415.46923828125
6352.558288798336 7216.4111328125
6596.887453752119 7068.61376953125
6841.216618705901 6918.21142578125
7085.5457836596825 6834.77783203125
7329.874948613465 6706.05517578125
7574.204113567247 6532.03955078125
