0.0 6625.02734375
8.0 29608226.73117917
16.0 51871008.65826677
24.0 68029472.00782223
32.0 79149514.6117353
40.0 86148277.02155623
48.0 89811917.76782626
56.0 90811512.37007757
64.0 89717254.05270039
72.0 87011118.79894975
80.0 83098143.2580323
88.0 78316451.02078286
96.0 72946150.8190829
104.0 67217219.2026653
112.0 61316470.13948844
120.0 55393704.699874796
128.0 49567125.46520604
136.0 43928092.48549369
144.0 38545290.44907848
152.0 33468370.16758754
160.0 28731121.47735971
168.0 24354229.16998309
176.0 20347658.549742978
184.0 16712712.638305223
192.0 13443798.871575957
200.0 10529939.328482118
208.0 7956055.067626283
216.0 5704051.996322594
224.0 3753732.8336729947
232.0 2083557.1300310257
240.0 671268.9484162878
248.0 -505590.32129821647
256.0 -1469268.4759897995
264.0 -2241474.5465719267
272.0 -2843124.1599802976
280.0 -3294147.416601126
288.0 -3613349.7617656556
296.0 -3818317.4784634155
304.0 -3925360.4591434277
312.0 -3949485.837995972
320.0 -3904396.8911298495
328.0 -3802512.3496657186
336.0 -3655001.9280214687
344.0 -3471834.454294762
352.0 -3261835.508390877
360.0 -3032751.93300043
368.0 -2791320.9881201126
376.0 -2543342.277301957
384.0 -2293750.8876411123
392.0 -2046690.4603714703
400.0 -1805585.1487030033
408.0 -1573209.6280130812
416.0 -1351756.5038702942
424.0 -1142900.6188222924
432.0 -947859.8920755273
440.0 -767452.4396348561
448.0 -602149.8184761324
456.0 -452126.31884710124
464.0 -317304.2957663001
472.0 -197395.5857941708
480.0 -91939.0997449491
488.0 6607.92529296875
496.0 78126.36143128989
504.0 144234.6367943831
512.0 198838.50697252603
520.0 242823.4490327668
528.0 277093.97470645054
536.0 302558.15507795906
544.0 320114.50773039105
552.0 330641.04339451244
560.0 334986.2744425015
568.0 333961.99444509257
576.0 328337.64611986425
584.0 318836.1040303176
592.0 306130.7080911019
600.0 290843.39406855166
608.0 273543.77763837104
616.0 254749.0590249612
624.0 234924.62564184426
632.0 214485.24039838716
640.0 193796.71330172496
648.0 173177.96363083884
656.0 152903.38920496314
664.0 133205.4680797576
672.0 114277.5263455187
680.0 96276.6135535951
688.0 79326.43464213505
696.0 63520.29406825675
704.0 48924.01418194549
712.0 35578.79570211679
720.0 23503.99348877328
728.0 12699.785662922408
736.0 3149.7185232303996
744.0 -5176.88633331964
752.0 -12322.67273947852
760.0 -18340.145442957073
768.0 -23289.724484844646
776.0 -27237.960182887025
784.0 -30255.908331607476
792.0 -32417.663430874538
800.0 -33799.046231431275
808.0 -34476.44061661268
816.0 -34525.77380106707
824.0 -34021.6329987141
832.0 -33036.51107373508
840.0 -31640.173218710275
848.0 -29899.136385868715
856.0 -27876.253013006135
864.0 -25630.390518576332
872.0 -23216.198074693322
880.0 -20683.95229000053
888.0 -18079.47363063476
896.0 -15444.105667851476
904.0 -12814.74955132345
912.0 -10223.946460049949
920.0 -7700.0011670136355
928.0 -5267.140262737113
936.0 -2945.6990080329456
944.0 -752.3312216630067
952.0 1299.7629516118047
960.0 3200.5961081240876
968.0 4943.143769264318
976.0 6523.089539098002
984.0 7938.568679593484
992.0 9189.91314935078
1000.0 10279.400770622753
1008.0 11211.010826978434
1016.0 11990.188051543504
1024.0 12623.616644289821
1032.0 13119.005657069665
1040.0 13484.886807221006
1048.0 13730.425524870525
1056.0 13865.245805197283
1064.0 13899.26922489878
1072.0 13842.568290932168
1080.0 13705.234119327386
1088.0 13497.258290968595
1096.0 13228.428599664725
1104.0 12908.23829384405
1112.0 12545.808316697656
1120.0 12149.821968583527
1128.0 11728.47134986476
1136.0 11289.414890286791
1144.0 10839.745231838338
1152.0 10385.966704507917
1160.0 9933.981617627367
1168.0 9489.0845821404
1176.0 9055.96408062196
1184.0 8638.710510879533
1192.0 8240.829944686906
1200.0 7865.262864779427
1208.0 7514.407169752316
1216.0 7190.14476721595
1224.0 6893.871109693604
1232.0 6626.527064635301
1240.0 6388.632548884597
1248.0 6180.321398417458
1256.0 6001.3769856103
1264.0 5851.268138196997
1272.0 5729.184956017235
1280.0 5634.074163216143
1288.0 5564.673674403789
1296.0 5519.546093097946
1304.0 5497.110899297607
1312.0 5495.675120040281
1320.0 5513.462312090877
1328.0 5548.639719345493
1336.0 5599.343498979328
1344.0 5663.7019397478
1352.0 5739.856623070717
1360.0 5825.981502612967
1368.0 5920.299900900734
1376.0 6021.099442219491
1384.0 6126.744959544679
1392.0 6235.689429632822
1400.0 6346.483004751505
1408.0 6457.780221831868
1416.0 6568.3454802489305
1424.0 6677.056888008973
1432.0 6782.908582969004
1440.0 6885.011640919921
1448.0 6982.593686053885
1456.0 7074.9973215947275
1464.0 7161.677499336608
1472.0 7242.197946590704
1480.0 7316.22676772667
1488.0 7383.531335199634
1496.0 7443.972581799088
1504.0 7497.498801941459
1512.0 7544.139065260947
1520.0 7583.996340630392
1528.0 7617.2404231571445
1536.0 7644.100750750722
1544.0 7664.859190610763
1552.0 7679.842869551722
1560.0 7689.41711549374
1568.0 7693.978570828395
1576.0 7693.948531720027
1584.0 7689.7665608471325
1592.0 7681.884414621165
1600.0 7670.760319624504
1608.0 7656.853626914502
1616.0 7640.619866984424
1624.0 7622.506222580296
1632.0 7602.947431285457
1640.0 7582.362124808147
1648.0 7561.149607267092
1656.0 7539.687070482427
1664.0 7518.327240339269
1672.0 7497.3964447247845
1680.0 7477.193090325455
1688.0 7457.986532730141
1696.0 7440.016321794849
1704.0 7423.491802090218
1712.0 7408.592046461105
1720.0 7395.466099264712
1728.0 7384.233504711914
1736.0 7374.985094896047
1744.0 7367.784011541955
1752.0 7362.666935226893
1760.0 7359.645495794775
1768.0 7358.707837892518
1776.0 7359.820315973651
1784.0 7362.929293732336
1792.0 7367.963023719125
1800.0 7374.833583837887
1808.0 7383.438848505414
1816.0 7393.664473459614
1824.0 7405.3858744981835
1832.0 7418.470181817051
1840.0 7432.778153060294
1848.0 7448.166029688435
1856.0 7464.487322797338
1864.0 7481.594516062114
1872.0 7499.340675024397
1880.0 7517.580953478582
1888.0 7536.17398922257
1896.0 7554.983182920315
1904.0 7573.877855259065
1912.0 7592.73427896841
1920.0 7611.436583593483
1928.0 7629.877532172001
1936.0 7647.95917014939
1944.0 7665.593347974235
1952.0 7682.702119841542
1960.0 7699.218021991877
1968.0 7715.084234829006
1976.0 7730.254633883675
1984.0 7744.6937353278345
1992.0 7758.376542331683
2000.0 7771.288299055144
2008.0 7783.424159478766
2016.0 7794.788778607626
2024.0 7805.395833827879
2032.0 7815.267484363604
2040.0 7824.433776873179
2048.0 7832.932005244266
2056.0 7840.806032599381
2064.0 7848.10558341349
2072.0 7854.885513474106
2080.0 7861.20506519327
2088.0 7867.127115506398
2096.0 7872.717423278099
2104.0 7878.043882779125
2112.0 7883.175789409125
2120.0 7888.183123422827
2128.0 7893.135856973357
2136.0 7898.1032893261145
2144.0 7903.153414620225
2152.0 7908.352326067733
2160.0 7913.763659989751
2168.0 7919.448082594453
2176.0 7925.462821911198
2184.0 7931.861246809157
2192.0 7938.692494553843
2200.0 7946.001147890888
2208.0 7953.826962199302
2216.0 7962.204642826509
2224.0 7971.163672308335
2232.0 7980.728186790475
2240.0 7990.916900605837
2248.0 8001.743077625447
2256.0 8013.214547691247
2264.0 8025.333766158098
2272.0 8038.0979143195245
2280.0 8051.499038268469
2288.0 8065.524223550657
2296.0 8080.1558028043255
2304.0 8095.371593444359
2312.0 8111.145162343439
2320.0 8127.4461143850085
2328.0 8144.240401712313
2336.0 8161.490650474299
2344.0 8179.156501870878
2352.0 8197.194964326067
2360.0 8215.560773666639
2368.0 8234.206758253891
2376.0 8253.084206107225
2384.0 8272.143231166341
2392.0 8291.333135964574
2400.0 8310.6027681267
2408.0 8329.900868257631
2416.0 8349.176406954417
2424.0 8368.378908849034
2432.0 8387.45876177228
2440.0 8406.367509319467
2448.0 8425.05812529251
2456.0 8443.485268690534
2464.0 8461.605518120525
2472.0 8479.377584697988
2480.0 8496.76250270548
2488.0 8513.723797471426
2496.0 8530.227630122288
2504.0 8546.242919046064
2512.0 8561.741438084287
2520.0 8576.697891640666
2528.0 8591.089967057125
2536.0 8604.898364762346
2544.0 8618.106806840657
2552.0 8630.702024802682
2560.0 8642.673727461073
2568.0 8654.014549924705
2576.0 8664.719984823496
2584.0 8674.788296962326
2592.0 8684.220422676664
2600.0 8693.019855224413
2608.0 8701.192517598263
2616.0 8708.746624180169
2624.0 8715.692532685618
2632.0 8722.042587859087
2640.0 8727.810958385038
2648.0 8733.013468470943
2656.0 8737.66742554036
2664.0 8741.791445445717
2672.0 8745.405276573685
2680.0 8748.529624169096
2688.0 8751.18597615034
2696.0 8753.396431627287
2704.0 8755.183533265168
2712.0 8756.570104564558
2720.0 8757.579093048373
2728.0 8758.233420264429
2736.0 8758.555839425031
2744.0 8758.568801416219
2752.0 8758.294329817385
2760.0 8757.7539054798
2768.0 8756.968361118663
2776.0 8755.957786280653
2784.0 8754.74144295592
2792.0 8753.337692012736
2800.0 8751.76393054365
2808.0 8750.036540125788
2816.0 8748.1708459141
2824.0 8746.181086406965
2832.0 8744.080393647486
2840.0 8741.880783552888
2848.0 8739.593155997365
2856.0 8737.227304213266
2864.0 8734.79193301881
2872.0 8732.29468533087
2880.0 8729.742176376496
2888.0 8727.140034978944
2896.0 8724.492951260809
2904.0 8721.8047300814
2912.0 8719.078349504329
2920.0 8716.31602357783
2928.0 8713.519268701533
2936.0 8710.688972851247
2944.0 8707.825466936123
2952.0 8704.928597571772
2960.0 8701.997800566229
2968.0 8699.032174434717
2976.0 8696.030553282897
2984.0 8692.991578425557
2992.0 8689.91376814046
3000.0 8686.795584991847
3008.0 8683.635500197446
3016.0 8680.432054554778
3024.0 8677.183915486372
3032.0 8673.88992981073
3040.0 8670.549171893577
3048.0 8667.160986883699
3056.0 8663.72502878854
3064.0 8660.241293194873
3072.0 8656.710144492272
3080.0 8653.132337506853
3088.0 8649.509033503986
3096.0 8645.84181056743
3104.0 8642.132668410703
3112.0 8638.384027722674
3120.0 8634.598724193947
3128.0 8630.779997412652
3136.0 8626.931474858067
3144.0 8623.057151257344
3152.0 8619.161363604666
3160.0 8615.248762173082
3168.0 8611.324277876762
3176.0 8607.255859375
3184.0 8603.460569253226
3192.0 8599.532272902787
3200.0 8595.613865194538
3208.0 8591.71109072629
3216.0 8587.829724889618
3224.0 8583.975527273806
3232.0 8580.154194846353
3240.0 8576.371315353786
3248.0 8572.632321378562
3256.0 8568.942445475552
3264.0 8565.306676797207
3272.0 8561.729719598232
3280.0 8558.215953989911
3288.0 8554.769399291015
3296.0 8551.393680296063
3304.0 8548.091996754123
3312.0 8544.867096321093
3320.0 8541.721251216804
3328.0 8538.656238785548
3336.0 8535.673326123815
3344.0 8532.773258904486
3352.0 8529.956254490473
3360.0 8527.221999395044
3368.0 8524.56965110953
3376.0 8521.997844283425
3384.0 8519.504701205906
3392.0 8517.087846503464
3400.0 8514.744425933763
3408.0 8512.471129123738
3416.0 8510.264216068234
3424.0 8508.11954717601
3432.0 8506.032616622046
3440.0 8503.998588739398
3448.0 8502.012337160133
3456.0 8500.068486393664
3464.0 8498.161455512318
3472.0 8496.285503597392
3480.0 8494.43477658598
3488.0 8492.603355147932
3496.0 8490.785303214698
3504.0 8488.974716776804
3512.0 8487.165772564804
3520.0 8485.352776229362
3528.0 8483.5302096401
3536.0 8481.692776929222
3544.0 8479.83544891558
3552.0 8477.953505556803
3560.0 8476.042576091886
3568.0 8474.098676553847
3576.0 8472.118244351459
3584.0 8470.098169641184
3592.0 8468.035823233688
3600.0 8465.929080805543
3608.0 8463.776343213633
3616.0 8461.576552738918
3624.0 8459.329205116046
3632.0 8457.03435723686
3640.0 8454.69263044728
3648.0 8452.305209390239
3656.0 8449.873836379955
3664.0 8447.1083984375
3672.0 8444.8889272603
3680.0 8442.341551546375
3688.0 8439.76250289607
3696.0 8437.156074332865
3704.0 8434.52699228564
3712.0 8431.880382018411
3720.0 8429.221729632036
3728.0 8426.556840899153
3736.0 8423.891797218568
3744.0 8421.232908997328
3752.0 8418.586666789348
3760.0 8415.959690537136
3768.0 8413.358677279257
3776.0 8410.790347698741
3784.0 8408.261391898652
3792.0 8405.778414798559
3800.0 8403.347881550731
3808.0 8400.976063377346
3816.0 8398.66898422901
3824.0 8396.43236866213
3832.0 8394.271591325858
3840.0 8392.191628440667
3848.0 8390.197011638962
3856.0 8388.291784523406
3864.0 8386.47946228207
3872.0 8384.762994679833
3880.0 8383.144732723698
3888.0 8381.626399275838
3896.0 8380.209063861841
3904.0 8378.89312189407
3912.0 8377.678278499901
3920.0 8376.563537113805
3928.0 8375.547192959615
3936.0 8374.626831515438
3944.0 8373.799332019777
3952.0 8373.060876041456
3960.0 8372.406961101351
3968.0 8371.832419297129
3976.0 8371.33144084756
3984.0 8370.897602436766
3992.0 8370.523900204404
4000.0 8370.202787193683
4008.0 8369.926215035994
4016.0 8369.685679619333
4024.0 8369.47227045732
4032.0 8369.276723447208
4040.0 8369.089476678453
4048.0 8368.900728929148
4056.0 8368.700500464996
4064.0 8368.47869573616
4072.0 8368.22516754987
4080.0 8367.929782282275
4088.0 8367.582485681713
4096.0 8367.173368806847
4104.0 8366.69273363763
4112.0 8366.131157895019
4120.0 8365.479558605784
4128.0 8364.729253953317
4136.0 8363.872022962189
4144.0 8362.900162575032
4152.0 8361.806541693833
4160.0 8360.584651774474
4168.0 8359.228653583179
4176.0 8357.733419746293
4184.0 8356.094572750151
4192.0 8354.308518076288
4200.0 8352.372472187384
4208.0 8350.284485112967
4216.0 8348.04345741861
4224.0 8345.64915137931
4232.0 8343.102196216807
4240.0 8340.404087300441
4248.0 8337.55717925262
4256.0 8334.564672942117
4264.0 8331.430596391489
4272.0 8328.159779667893
4280.0 8324.757823870099
4288.0 8321.231064367636
4296.0 8317.586528490185
4304.0 8313.831887907661
4312.0 8309.975405981573
4320.0 8306.025880407647
4328.0 8301.992581507231
4336.0 8297.885186560541
4344.0 8293.713710607983
4352.0 8289.488434176634
4360.0 8285.219828416997
4368.0 8280.918478160082
4376.0 8276.59500342658
4384.0 8272.2599799386
4392.0 8267.92385919867
4400.0 8263.596888712345
4408.0 8259.28903293741
4416.0 8255.009895546067
4424.0 8250.768643585443
4432.0 8246.57393411674
4440.0 8242.4338439039
4448.0 8238.35580270935
4456.0 8234.346530736693
4464.0 8230.41198073832
4472.0 8226.557285280254
4480.0 8222.786709626915
4488.0 8219.103610674392
4496.0 8215.510402324524
4504.0 8212.008527650616
4512.0 8208.59843816227
4520.0 8205.279580430071
4528.0 8202.05039028088
4536.0 8198.908294723153
4544.0 8195.849721707276
4552.0 8192.870117770397
4560.0 8189.963973557916
4568.0 8187.12485715579
4576.0 8184.345455108818
4584.0 8181.617620941384
4592.0 8178.932430937704
4600.0 8176.2802468812315
4608.0 8173.650785394679
4616.0 8171.033193467336
4624.0 8168.416129701773
4632.0 8165.7878507608475
4640.0 8163.136302447051
4648.0 8160.449214800426
4656.0 8157.714200559343
4664.0 8154.918856289983
4672.0 8152.050865456631
4680.0 8149.098102675345
4688.0 8146.04873836943
4696.0 8142.891343025817
4704.0 8139.614990237723
4712.0 8136.209357711543
4720.0 8132.664825413227
4728.0 8128.972570034001
4736.0 8125.124654965538
4744.0 8121.114114991104
4752.0 8116.935034922187
4760.0 8112.582621439688
4768.0 8108.053267433686
4776.0 8103.344608178084
4784.0 8098.455568723913
4792.0 8093.386401948644
4800.0 8088.138716758199
4808.0 8082.7154960028
4816.0 8077.12110373742
4824.0 8071.3612815316255
4832.0 8065.443133612118
4840.0 8059.375100703296
4848.0 8053.166922516561
4856.0 8046.829588927011
4864.0 8040.375279966607
4872.0 8033.8172948541705
4880.0 8027.1699703754775
4888.0 8020.448589019201
4896.0 8013.669277366783
4904.0 8006.848895325436
4912.0 8000.004916882231
4920.0 7993.155303144255
4928.0 7986.3183685122185
4936.0 7979.512640914205
4944.0 7972.756717100223
4952.0 7966.069114066348
4960.0 7959.468117739833
4968.0 7952.971630111142
4976.0 7946.597016046859
4984.0 7940.360951056122
4992.0 7934.279271314032
5000.0 7928.366827265988
5008.0 7922.637342148358
5016.0 7917.103276761151
5024.0 7911.77570181889
5032.0 7906.664179184452
5040.0 7901.776653258599
5048.0 7897.119353754401
5056.0 7892.696711030284
5064.0 7888.511285089162
5072.0 7884.563709272966
5080.0 7880.8526495924525
5088.0 7877.37478053241
5096.0 7874.124778061188
5104.0 7871.095330452825
5112.0 7868.277167399482
5120.0 7865.6591077525345
5128.0 7863.228126083184
5136.0 7860.969438098384
5144.0 7858.866604786839
5152.0 7856.901655003081
5160.0 7855.055226026703
5168.0 7853.306721459977
5176.0 7851.63448565125
5184.0 7850.015993655414
5192.0 7848.428055567376
5200.0 7846.847033891739
5208.0 7845.249072442861
5216.0 7843.610335106111
5224.0 7841.9072526347345
5232.0 7840.116775508843
5240.0 7838.216630745727
5248.0 7836.185580424865
5256.0 7834.003679578843
5264.0 7831.6525310041325
5272.0 7829.115534465022
5280.0 7826.378127700985
5288.0 7823.4280166049375
5296.0 7820.255391916208
5304.0 7816.853129772221
5312.0 7813.216973484114
5320.0 7809.345693948262
5328.0 7805.241226176083
5336.0 7800.908779520975
5344.0 7796.356919303691
5352.0 7791.597617685532
5360.0 7786.646271814364
5368.0 7781.521687469193
5376.0 7776.2460266568205
5384.0 7770.844717867067
5392.0 7765.346327970312
5400.0 7759.782395043479
5408.0 7754.187221733777
5416.0 7748.597629115478
5424.0 7743.052671358963
5432.0 7737.593311913337
5440.0 7732.262062300636
5448.0 7727.1025850288415
5456.0 7722.159262550277
5464.0 7717.476734617396
5472.0 7713.099406817281
5480.0 7709.070933495069
5488.0 7705.433678702557
5496.0 7702.228159225418
5504.0 7699.492474148315
5512.0 7697.261725808472
5520.0 7695.567437356764
5528.0 7694.4369724916405
5536.0 7693.892963246615
5544.0 7693.952751993807
5552.0 7694.627854070432
5560.0 7695.923447634851
5568.0 7697.837897512107
5576.0 7700.362319890686
5584.0 7703.480194775625
5592.0 7707.167033089403
5600.0 7711.390105231308
5608.0 7716.108237759545
5616.0 7721.271684642015
5624.0 7726.822079229953
5632.0 7732.692472740806
5640.0 7738.807464590538
5648.0 7745.083429390141
5656.0 7751.428844815215
5664.0 7757.74472387099
5672.0 7763.925154308924
5680.0 7769.857947105248
5688.0 7775.425394989972
5696.0 7780.505141017979
5704.0 7784.971156106937
5712.0 7788.694823333759
5720.0 7791.546125586905
5728.0 7793.394931923471
5736.0 7794.112376684843
5744.0 7793.572324089138
5752.0 7791.652909654477
5760.0 7788.238148422497
5768.0 7783.219598558524
5776.0 7776.498067513659
5784.0 7767.985346562642
5792.0 7757.605958183943
5800.0 7745.298899452284
5808.0 7731.01936337167
5816.0 7714.740418914662
5824.0 7696.454629461143
5832.0 7676.175588369349
5840.0 7653.939349576895
5848.0 7629.8057304405065
5856.0 7603.859463498476
5864.0 7576.211173494822
5872.0 7546.9981558604595
5880.0 7516.384932919851
5888.0 7484.563564399168
5896.0 7451.753689371824
5904.0 7418.202277604068
5912.0 7384.183069372397
5920.0 7349.995684230959
5928.0 7315.964380917436
5936.0 7282.43645262192
5944.0 7249.780244197267
5952.0 7218.38278058651
5960.0 7188.6469987634155
5968.0 7160.988578860055
5976.0 7135.83237384651
5984.0 7113.60844116839
5992.0 7094.7476841003745
6000.0 7079.677115238754
6008.0 7068.814759515785
6016.0 7062.564219345538
6024.0 7061.308929994215
6032.0 7065.406138959475
6040.0 7075.180649022822
6048.0 7090.918370666259
6056.0 7112.859735659074
6064.0 7141.193029798276
6072.0 7176.047708949903
6080.0 7217.487768636793
6088.0 7265.505243387419
6096.0 7320.0139178287845
6104.0 7380.843336988812
6112.0 7447.73320840763
6120.0 7520.328293337878
6128.0 7598.173888465822
6136.0 7680.712003106113
6144.0 7767.278339620121
6152.0 7857.100186777339
6160.0 7949.295336822487
6168.0 8042.872137018281
6176.0 8136.730785300899
6184.0 8229.665977315279
6192.0 8320.371008367369
6200.0 8407.443428652145
6208.0 8489.392343390928
6216.0 8564.64744113036
6224.0 8631.569823338126
6232.0 8688.464696498362
6240.0 8733.59597407625
6248.0 8765.202819935794
6256.0 8781.518146998942
6264.0 8780.789065084336
6272.0 8761.299249966438
6280.0 8721.393181700283
6288.0 8659.502174238993
6296.0 8574.172090301561
6304.0 8464.092605467233
6312.0 8328.127853594491
6320.0 8165.348252068555
6328.0 7975.063270169607
6336.0 7756.854867270484
6344.0 7510.611289747725
6352.0 7216.4111328125
6360.0 6935.3054858466085
6368.0 6607.853109038693
6376.0 6255.649211783736
6384.0 5880.606286438079
6392.0 5485.131075178509
6400.0 5072.148880018524
6408.0 4645.124343277036
6416.0 4208.078050020265
6424.0 3765.5982755516334
6432.0 3322.8471766439943
6440.0 2885.560705681926
6448.0 2460.041512998166
6456.0 2053.144095301143
6464.0 1672.2514480743996
6472.0 1325.2424882311955
6480.0 1020.4495308370394
6488.0 766.6051316593314
6496.0 572.77764651711
6504.0 448.294909842891
6512.0 402.6554997116512
6520.0 445.4271358952341
6528.0 586.1318519000785
6536.0 834.1176930871915
6544.0 1198.4168209325646
6552.0 1687.5900500965483
6560.0 2309.558010080347
6568.0 3071.4193083613186
6576.0 3979.2562769933443
6584.0 5037.929110683812
6592.0 6250.8594511038145
6600.0 7619.804740202827
6608.0 9144.62495413268
6616.0 10823.043638828038
6624.0 12650.405497625292
6632.0 14619.433129540801
6640.0 16719.985882789028
6648.0 18938.824169760912
6656.0 21259.382985356388
6664.0 23661.558777114515
6672.0 26121.51423028151
6680.0 28611.505950020357
6688.0 31099.740441844293
6696.0 33550.264205551226
6704.0 35922.89416150324
6712.0 38173.19501465477
6720.0 40252.51052431919
6728.0 42108.05597808823
6736.0 43683.07945776474
6744.0 44917.09972384175
6752.0 45746.22872242707
6760.0 46103.5868222404
6768.0 45919.818907528985
6776.0 45123.719370748906
6784.0 43642.97385268305
6792.0 41405.025250756065
6800.0 38338.07104210138
6808.0 34372.1983282579
6816.0 29440.662184763463
6824.0 23481.311870607507
6832.0 16438.16819978107
6840.0 8263.153877687808
6848.0 -1082.023162708541
6856.0 -11623.83544934885
6864.0 -23374.75508199437
6872.0 -36330.933374125314
6880.0 -50469.75120555057
6888.0 -65747.2537189912
6896.0 -82095.48685220722
6904.0 -99419.75748006802
6912.0 -117595.84366678906
6920.0 -136467.1867153234
6928.0 -155842.10235937676
6936.0 -175491.05458717814
6944.0 -195144.04221538658
6952.0 -214488.15545400878
6960.0 -233165.36730376643
6968.0 -250770.63269903866
6976.0 -266850.37682785623
6984.0 -280901.46299112454
6992.0 -292370.7396627472
7000.0 -300655.2760228846
7008.0 -305103.4050844204
7016.0 -305016.70352357806
7024.0 -299653.047350051
7032.0 -288230.892476321
7040.0 -269934.93890350877
7048.0 -243923.34644877596
7056.0 -209336.67846963787
7064.0 -165308.75763821264
7072.0 -110979.62417438655
7080.0 -45510.79173148622
7088.0 31897.001077236662
7096.0 121983.34515247225
7104.0 225404.82560488355
7112.0 342708.6070103995
7120.0 474302.7598717958
7128.0 620423.1641874763
7136.0 781096.8470663547
7144.0 956101.6390941917
7152.0 1144922.0696972806
7160.0 1346701.4662716608
7168.0 1560190.2766309176
7176.0 1783690.7008546581
7184.0 2014997.7985555504
7192.0 2251337.3326441976
7200.0 2489300.7229789067
7208.0 2724777.614945678
7216.0 2952886.7215524833
7224.0 3167905.775685784
7232.0 3363201.6347710122
7240.0 3531161.816500126
7248.0 3663129.015022331
7256.0 3749340.456185624
7264.0 3778874.302223104
7272.0 3739605.7155067446
7280.0 3618175.6429272746
7288.0 3399975.8926514983
7296.0 3069154.649756994
7304.0 2608647.223326294
7312.0 2000237.5424101525
7320.0 1224656.7297885627
7328.0 261725.98969237262
7336.0 -909447.9421118562
7344.0 -2310215.409649131
7352.0 -3962053.8786242926
7360.0 -5886153.384340858
7368.0 -8102903.81503763
7376.0 -10631268.747194389
7384.0 -13488028.654024826
7392.0 -16686874.213771693
7400.0 -20237328.132149223
7408.0 -24143471.343365293
7416.0 -28402446.64563195
7424.0 -33002709.73639339
7432.0 -37921994.21453828
7440.0 -43124953.38568113
7448.0 -48560437.611493215
7456.0 -54158361.45533015
7464.0 -59826109.959178105
7472.0 -65444428.00523649
7480.0 -70862730.83047861
7488.0 -75893767.33126606
7496.0 -80307560.77359317
7504.0 -83824543.86257567
7512.0 -86107796.7713409
7520.0 -86754287.62883703
7528.0 -85285005.05445823
7536.0 -81133861.54652692
7544.0 -73635234.80523957
7552.0 -62010001.32917026
7560.0 -45349902.78696649
7568.0 -22600070.645296924
