0.0 6625.02734375
8.0 6439.809401137169
16.0 6266.770043575787
24.0 6105.4261405950265
32.0 5955.3084038168545
40.0 5815.961086479607
48.0 5686.94168798125
56.0 5567.820663378064
64.0 5458.181137774569
72.0 5357.618625542497
80.0 5265.7407543058425
88.0 5182.1669936306225
96.0 5106.528388357416
104.0 5038.467296517114
112.0 4977.637131768854
120.0 4923.702110301347
128.0 4876.337002138993
136.0 4835.226886793179
144.0 4800.0669132025505
152.0 4770.562063904644
160.0 4746.426923381749
168.0 4727.385450526104
176.0 4713.170755167409
184.0 4703.524878609479
192.0 4698.198578120827
200.0 4696.951115325252
208.0 4699.550048438953
216.0 4705.771028302745
224.0 4715.397598155933
232.0 4728.220997100529
240.0 4744.03996720448
248.0 4762.660564194416
256.0 4783.8959716864465
264.0 4807.566318905486
272.0 4833.498501845597
280.0 4861.526007820962
288.0 4891.488743360938
296.0 4923.232865399789
304.0 4956.610615716819
312.0 4991.4801585773985
320.0 5027.705421530519
328.0 5065.155939317858
336.0 5103.706700846531
344.0 5143.237999184615
352.0 5183.635284532218
360.0 5224.789020126224
368.0 5266.594541034616
376.0 5308.951915798032
384.0 5351.76581087634
392.0 5394.945357858075
400.0 5438.404023391823
408.0 5482.059481797838
416.0 5525.833490320964
424.0 5569.651766982975
432.0 5613.443870995805
440.0 5657.143085696947
448.0 5700.686303966994
456.0 5744.013916092413
464.0 5787.069700034321
472.0 5829.800714067682
480.0 5872.1571917516985
488.0 5914.092439196763
496.0 5955.56273459053
504.0 5996.527229948112
512.0 6036.9478550504755
520.0 6076.789223536413
528.0 6116.018541113647
536.0 6154.60551585457
544.0 6192.522270542938
552.0 6229.743257038667
560.0 6266.245172626871
568.0 6302.006878319297
576.0 6337.009319075673
584.0 6371.235445913031
592.0 6404.670139871822
600.0 6437.300137807435
608.0 6469.113959976709
616.0 6500.101839388913
624.0 6530.255652891211
632.0 6559.568853959144
640.0 6588.036407162713
648.0 6615.654724279243
656.0 6642.421602024471
664.0 6668.336161373622
672.0 6693.39878844466
680.0 6717.611076916175
688.0 6740.975771952782
696.0 6763.496715611053
704.0 6785.178793699745
712.0 6806.0278840678975
720.0 6826.050806295084
728.0 6845.255272758306
736.0 6863.649841050365
744.0 6881.243867724765
752.0 6898.047463342544
760.0 6914.071448797168
768.0 6929.3273128930205
776.0 6943.8271711542575
784.0 6957.583725840613
792.0 6970.6102271472555
800.0 6982.920435565669
808.0 6994.528585383622
816.0 7005.449349301721
824.0 7015.69780414508
832.0 7025.289397648179
840.0 7034.239916292162
848.0 7042.565454173217
856.0 7050.2823828816145
864.0 7057.407322370948
872.0 7063.957112797459
880.0 7069.9487873096205
888.0 7075.399545768563
896.0 7080.326729379757
904.0 7084.747796217312
912.0 7088.680297621809
920.0 7092.141855453375
928.0 7095.150140181786
936.0 7097.722849795438
944.0 7099.877689511752
952.0 7101.632352271189
960.0 7103.004499998259
968.0 7104.01174561168
976.0 7104.671635768041
984.0 7105.001634321401
992.0 7105.0191064836645
1000.0 7104.741303668728
1008.0 7104.185349005584
1016.0 7103.368223504065
1024.0 7102.306752858545
1032.0 7101.017594874129
1040.0 7099.5172275008135
1048.0 7097.821937460794
1056.0 7095.947809454598
1064.0 7093.91071593204
1072.0 7091.726307413791
1080.0 7089.410003350087
1088.0 7086.976983502901
1096.0 7084.442179838361
1104.0 7081.820268916376
1112.0 7079.125664764441
1120.0 7076.372512223153
1128.0 7073.574680750724
1136.0 7070.7457586745095
1144.0 7067.899047877222
1152.0 7065.047558906194
1160.0 7062.2040064937655
1168.0 7059.380805477567
1176.0 7056.59006710926
1184.0 7053.843595740646
1192.0 7051.152885876317
1200.0 7048.529119581987
1208.0 7045.983164238101
1216.0 7043.525570628248
1224.0 7041.166571352296
1232.0 7038.916079554109
1240.0 7036.783687954185
1248.0 7034.778668177393
1256.0 7032.909970366478
1264.0 7031.186223071853
1272.0 7029.615733408693
1280.0 7028.206487472249
1288.0 7026.9661510025835
1296.0 7025.902070290092
1304.0 7025.021273313313
1312.0 7024.330471100653
1320.0 7023.836059307907
1328.0 7023.544120003509
1336.0 7023.460423653653
1344.0 7023.590431299531
1352.0 7023.939296919237
1360.0 7024.511869966694
1368.0 7025.3126980806255
1376.0 7026.346029956101
1384.0 7027.615818371999
1392.0 7029.125723367268
1400.0 7030.8791155594345
1408.0 7032.8790795987725
1416.0 7035.128417751595
1424.0 7037.629653606497
1432.0 7040.38503589732
1440.0 7043.396542436781
1448.0 7046.66588415489
1456.0 7050.194509236364
1464.0 7053.983607351419
1472.0 7058.0341139743305
1480.0 7062.346714784432
1488.0 7066.921850144222
1496.0 7071.759719649443
1504.0 7076.860286746076
1512.0 7082.2232834092465
1520.0 7087.848214879444
1528.0 7093.734364451031
1536.0 7099.880798308757
1544.0 7106.286370407614
1552.0 7112.949727391687
1560.0 7119.869313547879
1568.0 7127.043375790113
1576.0 7134.469968670185
1584.0 7142.146959411213
1592.0 7150.072032959834
1600.0 7158.2426970534425
1608.0 7166.656287298797
1616.0 7175.3099722585075
1624.0 7184.200758541821
1632.0 7193.325495896537
1640.0 7202.680882298586
1648.0 7212.263469036337
1656.0 7222.069665786276
1664.0 7232.095745677327
1672.0 7242.33785034078
1680.0 7252.791994943004
1688.0 7263.454073198336
1696.0 7274.319862359289
1704.0 7285.3850281818095
1712.0 7296.645129862838
1720.0 7308.095624947918
1728.0 7319.731874206545
1736.0 7331.549146472965
1744.0 7343.542623450217
1752.0 7355.707404475508
1760.0 7368.038511244683
1768.0 7380.530892494075
1776.0 7393.179428637662
1784.0 7405.978936357907
1792.0 7418.924173148468
1800.0 7432.0098418071375
1808.0 7445.23059487743
1816.0 7458.581039037299
1824.0 7472.055739433558
1832.0 7485.649223960509
1840.0 7499.355987481612
1848.0 7513.170495992769
1856.0 7527.087190726165
1864.0 7541.1004921933745
1872.0 7555.2048041667595
1880.0 7569.394517598113
1888.0 7583.664014473523
1896.0 7598.007671603596
1904.0 7612.41986434812
1912.0 7626.894970274501
1920.0 7641.427372749004
1928.0 7656.01146446026
1936.0 7670.641650874366
1944.0 7685.312353620909
1952.0 7700.018013809402
1960.0 7714.753095275653
1968.0 7729.512087757575
1976.0 7744.289510000001
1984.0 7759.079912788207
1992.0 7773.877881909766
2000.0 7788.67804104446
2008.0 7803.475054582037
2016.0 7818.263630367581
2024.0 7833.03852237436
2032.0 7847.794533304077
2040.0 7862.526517114334
2048.0 7877.229381473382
2056.0 7891.898090142134
2064.0 7906.527665283382
2072.0 7921.113189698441
2080.0 7935.649808991177
2088.0 7950.132733659661
2096.0 7964.55724111555
2104.0 7978.91867763145
2112.0 7993.212460216473
2120.0 8007.434078420216
2128.0 8021.5790960655395
2136.0 8035.643152910371
2144.0 8049.621966238992
2152.0 8063.511332383071
2160.0 8077.307128172942
2168.0 8091.005312319529
2176.0 8104.601926727336
2184.0 8118.093097739047
2192.0 8131.475037312223
2200.0 8144.744044128569
2208.0 8157.896504636414
2216.0 8170.928894026895
2224.0 8183.837777144513
2232.0 8196.619809332578
2240.0 8209.271737214314
2248.0 8221.790399410122
2256.0 8234.172727191819
2264.0 8246.41574507442
2272.0 8258.516571346254
2280.0 8270.472418538126
2288.0 8282.28059383217
2296.0 8293.93849941137
2304.0 8305.443632750194
2312.0 8316.793586847458
2320.0 8327.986050402003
2328.0 8339.018807932029
2336.0 8349.889739839024
2344.0 8360.596822416957
2352.0 8371.138127807719
2360.0 8381.511823903556
2368.0 8391.716174197512
2376.0 8401.74953758259
2384.0 8411.61036810061
2392.0 8421.297214641669
2400.0 8430.808720595076
2408.0 8440.143623452688
2416.0 8449.300754365515
2424.0 8458.279037654655
2432.0 8467.077490277292
2440.0 8475.695221248889
2448.0 8484.131431022397
2456.0 8492.385410825464
2464.0 8500.456541956592
2472.0 8508.344295041226
2480.0 8516.04822924869
2488.0 8523.567991470956
2496.0 8530.903315464222
2504.0 8538.054020954245
2512.0 8545.020012706402
2520.0 8551.80127956149
2528.0 8558.397893438132
2536.0 8564.810008302937
2544.0 8571.037859109176
2552.0 8577.081760705152
2560.0 8582.942106713032
2568.0 8588.619368379337
2576.0 8594.114093397857
2584.0 8599.426904706059
2592.0 8604.558499255978
2600.0 8609.509646760494
2608.0 8614.281188415973
2616.0 8618.874035602234
2624.0 8623.28916856087
2632.0 8627.527635052698
2640.0 8631.590548995515
2648.0 8635.479089082868
2656.0 8639.194497385033
2664.0 8642.738077932841
2672.0 8646.111195285599
2680.0 8649.315273083745
2688.0 8652.351792587375
2696.0 8655.222291201419
2704.0 8657.928360988413
2712.0 8660.471647169783
2720.0 8662.853846616548
2728.0 8665.076706330263
2736.0 8667.142021915155
2744.0 8669.051636042259
2752.0 8670.807436906513
2760.0 8672.411356677545
2768.0 8673.865369945117
2776.0 8675.171492159961
2784.0 8676.331778070937
2792.0 8677.348320159288
2800.0 8678.223247070815
2808.0 8678.958722046731
2816.0 8679.55694135408
2824.0 8680.02013271647
2832.0 8680.350553745851
2840.0 8680.550490376158
2848.0 8680.622255299579
2856.0 8680.568186406148
2864.0 8680.390645227517
2872.0 8680.0920153854
2880.0 8679.67470104571
2888.0 8679.14112537881
2896.0 8678.493729026854
2904.0 8677.73496857856
2912.0 8676.867315052465
2920.0 8675.893252389
2928.0 8674.815275952262
2936.0 8673.635891041982
2944.0 8672.357611416399
2952.0 8670.982957826609
2960.0 8669.514456562993
2968.0 8667.954638014413
2976.0 8666.306035240535
2984.0 8664.571182558151
2992.0 8662.752614141762
3000.0 8660.85286263917
3008.0 8658.874457802549
3016.0 8656.819925135416
3024.0 8654.69178455624
3032.0 8652.492549078905
3040.0 8650.22472351074
3048.0 8647.890803168455
3056.0 8645.493272612499
3064.0 8643.034604400238
3072.0 8640.517257858442
3080.0 8637.943677875472
3088.0 8635.316293713524
3096.0 8632.637517841455
3104.0 8629.909744788427
3112.0 8627.135350018832
3120.0 8624.31668882881
3128.0 8621.45609526472
3136.0 8618.555881063923
3144.0 8615.61833461811
3152.0 8612.64571995957
3160.0 8609.640275770651
3168.0 8606.604214416688
3176.0 8603.539721002664
3184.0 8600.448952453906
3192.0 8597.33403662096
3200.0 8594.19707140897
3208.0 8591.04012393175
3216.0 8587.865229690693
3224.0 8584.67439177878
3232.0 8581.469580109886
3240.0 8578.252730673405
3248.0 8575.025744814515
3256.0 8571.790488540182
3264.0 8568.548791850926
3272.0 8565.302448098566
3280.0 8562.053213370085
3288.0 8558.802805897558
3296.0 8555.552905494362
3304.0 8552.305153017665
3312.0 8549.061149857278
3320.0 8545.822457450875
3328.0 8542.590596825677
3336.0 8539.36704816655
3344.0 8536.153250410556
3352.0 8532.950600867978
3360.0 8529.76045486974
3368.0 8526.584125441264
3376.0 8523.422883002695
3384.0 8520.277955095391
3392.0 8517.150526134754
3400.0 8514.041737189165
3408.0 8510.952685785074
3416.0 8507.884425738075
3424.0 8504.837967009858
3432.0 8501.814275591021
3440.0 8498.81427340947
3448.0 8495.83883826437
3456.0 8492.888803785476
3464.0 8489.964959417706
3472.0 8487.068050430707
3480.0 8484.198777953361
3488.0 8481.357799032936
3496.0 8478.545726718789
3504.0 8475.763130170255
3512.0 8473.010534788722
3520.0 8470.288422373453
3528.0 8467.597231301108
3536.0 8464.93735672854
3544.0 8462.309150818803
3552.0 8459.712922989926
3560.0 8457.148940186338
3568.0 8454.617427172601
3576.0 8452.118566849056
3584.0 8449.65250058937
3592.0 8447.219328599342
3600.0 8444.819110296916
3608.0 8442.451864712975
3616.0 8440.117570912547
3624.0 8437.816168436222
3632.0 8435.547557761287
3640.0 8433.311600782376
3648.0 8431.108121311147
3656.0 8428.936905594717
3664.0 8426.797702852453
3672.0 8424.690225830744
3680.0 8422.614151375356
3688.0 8420.569121021052
3696.0 8418.554741597954
3704.0 8416.570585854419
3712.0 8414.616193095835
3720.0 8412.691069839104
3728.0 8410.794690482257
3736.0 8408.926497988869
3744.0 8407.085904586818
3752.0 8405.272292480919
3760.0 8403.48501457907
3768.0 8401.723395231425
3776.0 8399.986730982157
3784.0 8398.27429133336
3792.0 8396.58531952063
3800.0 8394.919033299904
3808.0 8393.2746257451
3816.0 8391.65126605596
3824.0 8390.048100375881
3832.0 8388.46425261903
3840.0 8386.898825306369
3848.0 8385.3154296875
3856.0 8383.819540206416
3864.0 8382.303788134695
3872.0 8380.802669665127
3880.0 8379.31519317173
3888.0 8377.840350811863
3896.0 8376.377119411174
3904.0 8374.924461353632
3912.0 8373.481325476072
3920.0 8372.046647966841
3928.0 8370.619353267992
3936.0 8369.198354980634
3944.0 8367.782556772743
3952.0 8366.370853289232
3960.0 8364.962131063508
3968.0 8363.55526943019
3976.0 8362.149141438465
3984.0 8360.742614765533
3992.0 8359.334552629747
4000.0 8357.923814702848
4008.0 8356.5092580209
4016.0 8355.089737893382
4024.0 8353.664108809957
4032.0 8352.231225344483
4040.0 8350.78994305569
4048.0 8349.339119384129
4056.0 8347.87761454485
4064.0 8346.404292415404
4072.0 8344.918021418609
4080.0 8343.417675399687
4088.0 8341.902134497212
4096.0 8340.370286007546
4104.0 8338.821025242114
4112.0 8337.253256377226
4120.0 8335.665893295916
4128.0 8334.057860421313
4136.0 8332.42809354116
4144.0 8330.775540623035
4152.0 8329.099162619761
4160.0 8327.39793426467
4168.0 8325.670844856202
4176.0 8323.91689903147
4184.0 8322.135117528358
4192.0 8320.324537935712
4200.0 8318.484215431265
4208.0 8316.613223506794
4216.0 8314.710654680264
4224.0 8312.775621194376
4232.0 8310.807255701306
4240.0 8308.804711933166
4248.0 8306.767165357758
4256.0 8304.693813819416
4264.0 8302.58387816439
4272.0 8300.436602850565
4280.0 8298.251256541027
4288.0 8296.027132681318
4296.0 8293.763550059826
4304.0 8291.459853351142
4312.0 8289.11541364204
4320.0 8286.729628939704
4328.0 8284.301924661964
4336.0 8281.831754109171
4344.0 8279.318598917549
4352.0 8276.761969493578
4360.0 8274.161405429302
4368.0 8271.516475898145
4376.0 8268.826780031102
4384.0 8266.091947272986
4392.0 8263.311637718562
4400.0 8260.485542428212
4408.0 8257.613383723086
4416.0 8254.69491545938
4424.0 8251.729923281611
4432.0 8248.718224854714
4440.0 8245.6596700747
4448.0 8242.554141257808
4456.0 8239.401553307882
4464.0 8236.201853861934
4472.0 8232.955023413624
4480.0 8229.66107541463
4488.0 8226.32005635375
4496.0 8222.932045813617
4504.0 8219.49715650488
4512.0 8216.015534277922
4520.0 8212.487358111792
4528.0 8208.912840080515
4536.0 8205.292225296567
4544.0 8201.625791831522
4552.0 8197.913850613853
4560.0 8194.156745303822
4568.0 8190.35485214548
4576.0 8186.508579795704
4584.0 8182.618369130399
4592.0 8178.684693027792
4600.0 8174.7080561288
4608.0 8170.688994574707
4616.0 8166.6280757219765
4624.0 8162.525897834423
4632.0 8158.383089752743
4640.0 8154.2003105415015
4648.0 8149.978249113721
4656.0 8145.717623833114
4664.0 8141.4191820941205
4672.0 8137.08369987992
4680.0 8132.711981298438
4688.0 8128.304858096705
4696.0 8123.863189153518
4704.0 8119.387859950793
4712.0 8114.879782023583
4720.0 8110.339892389227
4728.0 8105.769152955586
4736.0 8101.168549908799
4744.0 8096.539093080656
4752.0 8091.881815295961
4760.0 8087.197771700061
4768.0 8082.488039066839
4776.0 8077.753715087508
4784.0 8072.995917640442
4792.0 8068.215784042389
4800.0 8063.4144702814065
4808.0 8058.5931502318
4816.0 8053.753014851488
4824.0 8048.895271362083
4832.0 8044.021142412087
4840.0 8039.131865223666
4848.0 8034.228690723194
4856.0 8029.31288265618
4864.0 8024.3857166869375
4872.0 8019.448479483341
4880.0 8014.5024677871925
4888.0 8009.548987470665
4896.0 8004.589352579202
4904.0 7999.62488436144
4912.0 7994.656910286561
4920.0 7989.686763049641
4928.0 7984.71577956543
4936.0 7979.745299951142
4944.0 7974.776666498774
4952.0 7969.811222637429
4960.0 7964.850311886305
4968.0 7959.895276798788
4976.0 7954.947457898342
4984.0 7950.008192606658
4992.0 7945.078814164721
5000.0 7940.160650547414
5008.0 7935.255023372193
5016.0 7930.363246802525
5024.0 7925.486626446661
5032.0 7920.6264582524445
5040.0 7915.7840273987385
5048.0 7910.9606071841645
5056.0 7906.157457913801
5064.0 7901.375825784552
5072.0 7896.616941769781
5080.0 7891.8820205040365
5088.0 7887.172259168416
5096.0 7882.488836377364
5104.0 7877.832911067645
5112.0 7873.205621390091
5120.0 7868.608083604991
5128.0 7864.041390981748
5136.0 7859.506612703638
5144.0 7855.004792778295
5152.0 7850.536948954864
5160.0 7846.104071648341
5168.0 7841.70712287211
5176.0 7837.347035179277
5184.0 7833.0247106136385
5192.0 7828.7410196710825
5200.0 7824.496800272201
5208.0 7820.29285674684
5216.0 7816.129958831525
5224.0 7812.008840680398
5232.0 7807.930199890587
5240.0 7803.894696542788
5248.0 7799.902952257787
5256.0 7795.955549269912
5264.0 7792.053029518017
5272.0 7788.195893754973
5280.0 7784.384600676448
5288.0 7780.6195660697285
5296.0 7776.901161983476
5304.0 7773.229715919254
5312.0 7769.605510045565
5320.0 7766.028780435279
5328.0 7762.499716327315
5336.0 7759.018459413259
5344.0 7755.585103149902
5352.0 7752.199692098429
5360.0 7748.8622212910495
5368.0 7745.572635625969
5376.0 7742.330829291456
5384.0 7739.136645219808
5392.0 7735.989874572082
5400.0 7732.890256254303
5408.0 7729.837476466034
5416.0 7726.831168282038
5424.0 7723.8709112678625
5432.0 7720.956231130085
5440.0 7718.086599402044
5448.0 7715.261433165786
5456.0 7712.480094811001
5464.0 7709.741891831722
5472.0 7707.046076661505
5480.0 7704.391846547816
5488.0 7701.778343466443
5496.0 7699.204654076529
5504.0 7696.669809716998
5512.0 7694.172786445098
5520.0 7691.712505117703
5528.0 7689.287831516049
5536.0 7686.897576514635
5544.0 7684.54049629481
5552.0 7682.215292603851
5560.0 7679.920613059999
5568.0 7677.655051504189
5576.0 7675.417148398957
5584.0 7673.205391275196
5592.0 7671.018215227285
5600.0 7668.854003457103
5608.0 7666.711087867539
5616.0 7664.587749705923
5624.0 7662.482220257919
5632.0 7660.392681592344
5640.0 7658.317267357386
5648.0 7656.254063628557
5656.0 7654.201109808952
5664.0 7652.156399582078
5672.0 7650.117881917619
5680.0 7648.083462130588
5688.0 7646.05100299407
5696.0 7644.018325905892
5704.0 7641.983212109539
5712.0 7639.943403969444
5720.0 7637.896606301002
5728.0 7635.840487755377
5736.0 7633.772682259361
5744.0 7631.690790510354
5752.0 7629.592381526569
5760.0 7627.47499425257
5768.0 7625.336139220168
5776.0 7623.173300264646
5784.0 7620.983936296364
5792.0 7618.765483127571
5800.0 7616.51535535448
5808.0 7614.230948294347
5816.0 7611.909639977443
5824.0 7609.548793193714
5832.0 7607.145757593911
5840.0 7604.697871844863
5848.0 7602.202465838624
5856.0 7599.656862955083
5864.0 7597.058382377714
5872.0 7594.404341461905
5880.0 7591.6920581555605
5888.0 7588.9188534712885
5896.0 7586.082054009608
5904.0 7583.178994532664
5912.0 7580.207020587739
5920.0 7577.163491179834
5928.0 7574.045781492441
5936.0 7570.851285655984
5944.0 7567.577419562806
5952.0 7564.221623727846
5960.0 7560.781366194124
5968.0 7557.2541454820075
5976.0 7553.63749358097
5984.0 7549.928978983142
5992.0 7546.126209756874
6000.0 7542.226836659799
6008.0 7538.22855628933
6016.0 7534.129114269827
6024.0 7529.9263084747245
6032.0 7525.617992282148
6040.0 7521.202077862618
6048.0 7516.676539496932
6056.0 7512.039416923061
6064.0 7507.288818709717
6072.0 7502.422925655182
6080.0 7497.439994209498
6088.0 7492.338359917789
6096.0 7487.116440883066
6104.0 7481.772741246188
6112.0 7476.305854680845
6120.0 7470.714467901393
6128.0 7464.997364181231
6136.0 7459.153426879191
6144.0 7453.181642971791
6152.0 7447.081106588261
6160.0 7440.851022546399
6168.0 7434.490709886011
6176.0 7427.999605397313
6184.0 7421.377267141589
6192.0 7414.623377960833
6200.0 7407.7377489736555
6208.0 7400.720323054014
6216.0 7393.571178289808
6224.0 7386.290531417865
6232.0 7378.878741231939
6240.0 7371.336311960281
6248.0 7363.663896609142
6256.0 7355.8623002685
6264.0 7347.932483376294
6272.0 7339.875564937229
6280.0 7331.6928256921965
6288.0 7323.385711234141
6296.0 7314.955835066371
6304.0 7306.404981598784
6312.0 7297.7351090778575
6320.0 7288.948352445663
6328.0 7280.047026123414
6336.0 7271.03362671493
6344.0 7261.910835624862
6352.0 7252.681521587169
6360.0 7243.348743098327
6368.0 7233.915750750476
6376.0 7224.3859894589505
6384.0 7214.7631005789435
6392.0 7205.050923905651
6400.0 7195.253499552346
6408.0 7185.375069700485
6416.0 7175.420080216065
6424.0 7165.393182126109
6432.0 7155.299232949138
6440.0 7145.143297873393
6448.0 7134.930650776292
6456.0 7124.666775078671
6464.0 7114.357364426994
6472.0 7104.0083231968265
6480.0 7093.625766810597
6488.0 7083.2160218623385
6496.0 7072.785626042565
6504.0 7062.341327855432
6512.0 7051.890086120983
6520.0 7041.439069254675
6528.0 7030.995654316329
6536.0 7020.567425820613
6544.0 7010.162174300744
6552.0 6999.787894617529
6560.0 6989.452784004609
6568.0 6979.165239842143
6576.0 6968.933857149332
6584.0 6958.767425787821
6592.0 6948.674927365722
6600.0 6938.665531834265
6608.0 6928.748593766491
6616.0 6918.933648309487
6624.0 6909.230406799334
6632.0 6899.648752029991
6640.0 6890.198733164879
6648.0 6880.890560281883
6656.0 6871.734598540344
6664.0 6862.741361960543
6672.0 6853.921506803922
6680.0 6845.285824543171
6688.0 6836.845234411576
6696.0 6828.610775519969
6704.0 6820.593598529019
6712.0 6812.804956866132
6720.0 6805.256197475067
6728.0 6797.958751084465
6736.0 6790.924121985401
6744.0 6784.163877303277
6752.0 6777.689635752571
6760.0 6771.513055861375
6768.0 6765.645823651473
6776.0 6760.0996397623785
6784.0 6754.886206004265
6792.0 6750.017211326757
6800.0 6745.5043171890575
6808.0 6741.359142318144
6816.0 6737.593246839047
6824.0 6734.218115764666
6832.0 6731.245141827831
6840.0 6728.685607642215
6848.0 6726.550667176992
6856.0 6724.851326526867
6864.0 6723.598423966882
6872.0 6722.802609269183
6880.0 6722.474322272248
6888.0 6722.623770681132
6896.0 6723.2609070844155
6904.0 6724.395405170005
6912.0 6726.036635122664
6920.0 6728.19363818634
6928.0 6730.875100372457
6936.0 6734.089325297063
6944.0 6737.844206128317
6952.0 6742.147196625795
6960.0 6747.005281252673
6968.0 6752.424944341779
6976.0 6758.412138296619
6984.0 6764.972250807436
6992.0 6772.110071062344
7000.0 6779.829754933504
7008.0 6788.134789118452
7016.0 6797.02795421517
7024.0 6806.511286710162
7032.0 6816.586039858636
7040.0 6827.2526434349875
7048.0 6838.510662331508
