0.0 6625.02734375
8.0 6654.248201518775
16.0 6682.322155847904
24.0 6709.274537684176
32.0 6735.130339694538
40.0 6759.914219116897
48.0 6783.650500596677
56.0 6806.363179009154
64.0 6828.075922267566
72.0 6848.812074117077
80.0 6868.594656914596
88.0 6887.44637439449
96.0 6905.389614420249
104.0 6922.446451722069
112.0 6938.6386506205035
120.0 6953.987667736054
128.0 6968.51465468492
136.0 6982.240460760756
144.0 6995.185635602635
152.0 7007.370431849072
160.0 7018.814807778369
168.0 7029.5384299351035
176.0 7039.560675742815
184.0 7048.9006361031925
192.0 7057.57711798133
200.0 7065.608646977554
208.0 7073.0134698854845
216.0 7079.809557236632
224.0 7086.014605831378
232.0 7091.646041256479
240.0 7096.7210203890545
248.0 7101.256433887224
256.0 7105.268908667173
264.0 7108.774810367018
272.0 7111.7902457971695
280.0 7114.331065377501
288.0 7116.412865561105
296.0 7118.050991244991
304.0 7119.260538167327
312.0 7120.056355291733
320.0 7120.45304717825
328.0 7120.464976341259
336.0 7120.106265594367
344.0 7119.39080038212
352.0 7118.332231098817
360.0 7116.943975394223
368.0 7115.239220466448
376.0 7113.230925341851
384.0 7110.931823141956
392.0 7108.354423337737
400.0 7105.511013990873
408.0 7102.413663982301
416.0 7099.074225228027
424.0 7095.504334882178
432.0 7091.715417527346
440.0 7087.71868735235
448.0 7083.525150317279
456.0 7079.145606306063
464.0 7074.5906512662805
472.0 7069.870679336683
480.0 7064.995884962078
488.0 7059.97626499573
496.0 7054.821620789464
504.0 7049.541560271233
512.0 7044.145500010392
520.0 7038.642667270679
528.0 7033.042102050775
536.0 7027.352659112747
544.0 7021.583009998138
552.0 7015.741645031943
560.0 7009.836875314348
568.0 7003.876834700423
576.0 6997.869481767614
584.0 6991.822601771201
592.0 6985.743808587823
600.0 6979.640546646828
608.0 6973.520092849774
616.0 6967.389558477941
624.0 6961.255891087998
632.0 6955.125876395701
640.0 6949.0061401478415
648.0 6942.903149982359
656.0 6936.823217276673
664.0 6930.77249898426
672.0 6924.756999459601
680.0 6918.78257227135
688.0 6912.854922003898
696.0 6906.979606047402
704.0 6901.162036376125
712.0 6895.407481315289
720.0 6889.721067296455
728.0 6884.107780601319
736.0 6878.572469094192
744.0 6873.1198439429645
752.0 6867.754481328738
760.0 6862.480824144131
768.0 6857.3031836802
776.0 6852.225741302189
784.0 6847.252550113895
792.0 6842.387536610947
800.0 6837.634502322816
808.0 6832.99712544375
816.0 6828.478962452466
824.0 6824.083449720958
832.0 6819.813905112036
840.0 6815.673529565993
848.0 6811.665408676251
856.0 6807.792514254033
864.0 6804.057705882126
872.0 6800.463732457771
880.0 6797.0132337246905
888.0 6793.708741794269
896.0 6790.552682655996
904.0 6787.5473776771105
912.0 6784.695045091547
920.0 6781.997801478184
928.0 6779.457663228418
936.0 6777.076548003147
944.0 6774.856276179146
952.0 6772.798572284867
960.0 6770.905066425733
968.0 6769.17729569896
976.0 6767.616705597855
984.0 6766.224651405741
992.0 6765.002399579485
1000.0 6763.9511291226345
1008.0 6763.07193294824
1016.0 6762.365819231395
1024.0 6761.833712751478
1032.0 6761.476456224211
1040.0 6761.294811623475
1048.0 6761.28946149299
1056.0 6761.461010247852
1064.0 6761.80998546596
1072.0 6762.336839169408
1080.0 6763.041949095807
1088.0 6763.92561995962
1096.0 6764.988084703551
1104.0 6766.2295057399515
1112.0 6767.649976182373
1120.0 6769.249521067214
1128.0 6771.028098565551
1136.0 6772.985601185165
1144.0 6775.121856962767
1152.0 6777.436630646533
1160.0 6779.929624868886
1168.0 6782.600481309661
1176.0 6785.448781849551
1184.0 6788.474049714029
1192.0 6791.675750607633
1200.0 6795.053293838752
1208.0 6798.606033434867
1216.0 6802.333269248351
1224.0 6806.234248052792
1232.0 6810.308164629939
1240.0 6814.5541628472265
1248.0 6818.971336726022
1256.0 6823.558731500478
1264.0 6828.315344667175
1272.0 6833.240127025476
1280.0 6838.331983708696
1288.0 6843.589775206053
1296.0 6849.012318375516
1304.0 6854.598387447502
1312.0 6860.346715019523
1320.0 6866.25599304174
1328.0 6872.324873793542
1336.0 6878.551970851116
1344.0 6884.935860046086
1352.0 6891.475080415207
1360.0 6898.168135141197
1368.0 6905.013492484711
1376.0 6912.0095867074715
1384.0 6919.154818986654
1392.0 6926.447558320498
1400.0 6933.886142425162
1408.0 6941.4688786229635
1416.0 6949.194044721899
1424.0 6957.0598898865655
1432.0 6965.064635500492
1440.0 6973.206476019907
1448.0 6981.483579819011
1456.0 6989.894090026675
1464.0 6998.436125354812
1472.0 7007.1077809181925
1480.0 7015.907129045926
1488.0 7024.8322200846005
1496.0 7033.8810831930705
1504.0 7043.051727128916
1512.0 7052.342141026705
1520.0 7061.75029516799
1528.0 7071.274141743094
1536.0 7080.9116156048
1544.0 7090.66063501378
1552.0 7100.519102376098
1560.0 7110.484904972487
1568.0 7120.555915679706
1576.0 7130.729993683817
1584.0 7141.00498518558
1592.0 7151.378724097811
1600.0 7161.849032734955
1608.0 7172.413722494668
1616.0 7183.07059453166
1624.0 7193.817440423707
1632.0 7204.652042829853
1640.0 7215.572176140938
1648.0 7226.575607122374
1656.0 7237.660095549269
1664.0 7248.82339483392
1672.0 7260.063252645672
1680.0 7271.377411523232
1688.0 7282.76360947943
1696.0 7294.2195805984675
1704.0 7305.743055625705
1712.0 7317.331762550001
1720.0 7328.983427178633
1728.0 7340.695773704857
1736.0 7352.466525268115
1744.0 7364.293404506913
1752.0 7376.174134104492
1760.0 7388.106437327141
1768.0 7400.0880385553955
1776.0 7412.116663808022
1784.0 7424.190041258832
1792.0 7436.305901746417
1800.0 7448.461979276805
1808.0 7460.656011519015
1816.0 7472.8857402936765
1824.0 7485.148912054579
1832.0 7497.443278363367
1840.0 7509.76659635722
1848.0 7522.116629209723
1856.0 7534.491146584855
1864.0 7546.887925084153
1872.0 7559.304748687099
1880.0 7571.7394091847655
1888.0 7584.189706606719
1896.0 7596.653449641242
1904.0 7609.128456048914
1912.0 7621.612553069572
1920.0 7634.103577822628
1928.0 7646.59937770093
1936.0 7659.097810757988
1944.0 7671.596746088816
1952.0 7684.094064204218
1960.0 7696.587657398721
1968.0 7709.075430112094
1976.0 7721.555299284487
1984.0 7734.025194705266
1992.0 7746.483059355553
2000.0 7758.926849744505
2008.0 7771.354536239334
2016.0 7783.764103389193
2024.0 7796.1535502428405
2032.0 7808.520890660208
2040.0 7820.864153617859
2048.0 7833.181383508387
2056.0 7845.47064043378
2064.0 7857.730000492797
2072.0 7869.957556062355
2080.0 7882.151416073009
2088.0 7894.3097062785155
2096.0 7906.4305695195435
2104.0 7918.512165981527
2112.0 7930.55267344674
2120.0 7942.550287540595
2128.0 7954.5032219721925
2136.0 7966.409708769194
2144.0 7978.267998506996
2152.0 7990.076360532284
2160.0 8001.8330831809735
2168.0 8013.53647399059
2176.0 8025.1848599071045
2184.0 8036.776587486233
2192.0 8048.3100230893315
2200.0 8059.783553073779
2208.0 8071.195583977986
2216.0 8082.544542701034
2224.0 8093.828876676951
2232.0 8105.047054043699
2240.0 8116.197563806865
2248.0 8127.278915998131
2256.0 8138.28964182849
2264.0 8149.228293836361
2272.0 8160.0934460304625
2280.0 8170.883694027653
2288.0 8181.597655185643
2296.0 8192.23396873069
2304.0 8202.79129588025
2312.0 8213.268319960678
2320.0 8223.66374651996
2328.0 8233.97630343554
2336.0 8244.204741017244
2344.0 8254.347832105377
2352.0 8264.404372164001
2360.0 8274.37317936942
2368.0 8284.253094693882
2376.0 8294.042981984656
2384.0 8303.741728038302
2392.0 8313.348242670376
2400.0 8322.861458780477
2408.0 8332.28033241273
2416.0 8341.603842811668
2424.0 8350.830992473642
2432.0 8359.960807193735
2440.0 8368.99233610816
2448.0 8377.924651732343
2456.0 8386.75684999449
2464.0 8395.488050264905
2472.0 8404.117395380916
2480.0 8412.64405166753
2488.0 8421.067208953818
2496.0 8429.386080585102
2504.0 8437.599903430908
2512.0 8445.7079378888
2520.0 8453.709467884026
2528.0 8461.603800865149
2536.0 8469.390267795528
2544.0 8477.068223140868
2552.0 8484.637044852643
2560.0 8492.09613434769
2568.0 8499.444916483779
2576.0 8506.682839531337
2584.0 8513.809375141256
2592.0 8520.824018308911
2600.0 8527.72628733437
2608.0 8534.515723778812
2616.0 8541.191892417235
2624.0 8547.75438118746
2632.0 8554.202801135438
2640.0 8560.536786356968
2648.0 8566.755993935785
2656.0 8572.860103878027
2664.0 8578.848819043309
2672.0 8584.7218650721
2680.0 8590.478990309792
2688.0 8596.119965727226
2696.0 8601.64458483787
2704.0 8607.052663611594
2712.0 8612.3440403851
2720.0 8617.518575769076
2728.0 8622.576152552021
2736.0 8627.516675600911
2744.0 8632.340071758552
2752.0 8637.046289737822
2760.0 8641.635300012771
2768.0 8646.107094706584
2776.0 8650.461687476463
2784.0 8654.69911339548
2792.0 8658.819428831432
2800.0 8662.822711322659
2808.0 8666.709059450972
2816.0 8670.478592711643
2824.0 8674.13145138051
2832.0 8677.667796378248
2840.0 8681.0878091318
2848.0 8684.391691433048
2856.0 8687.579665294716
2864.0 8690.651972803573
2872.0 8693.60887597093
2880.0 8696.450656580511
2888.0 8699.177616033663
2896.0 8701.790075192046
2904.0 8704.288374217684
2912.0 8706.67287241058
2920.0 8708.943948043772
2928.0 8711.10199819598
2936.0 8713.14743858182
2944.0 8715.08070337962
2952.0 8716.902245056863
2960.0 8718.612534193348
2968.0 8720.212059302037
2976.0 8721.701326647639
2984.0 8723.080860062968
2992.0 8724.351200763109
3000.0 8725.512907157447
3008.0 8726.566554659537
3016.0 8727.512735494895
3024.0 8728.352058506714
3032.0 8729.085148959588
3040.0 8729.71264834119
3048.0 8730.235214162021
3056.0 8730.653519753203
3064.0 8730.968254062422
3072.0 8731.180121447947
3080.0 8731.289841470849
3088.0 8731.298148685422
3096.0 8731.205792427829
3104.0 8731.013536603
3112.0 8730.722159469888
3120.0 8730.332453424962
3128.0 8729.845224784163
3136.0 8729.261293563184
3144.0 8728.581493256226
3152.0 8727.806670613189
3160.0 8726.937685415367
3168.0 8725.975410249697
3176.0 8724.92073028153
3184.0 8723.77454302601
3192.0 8722.537758118107
3200.0 8721.21129708126
3208.0 8719.796093094767
3216.0 8718.293090759855
3224.0 8716.70324586454
3232.0 8715.027525147256
3240.0 8713.266906059338
3248.0 8711.422376526312
3256.0 8709.494934708136
3264.0 8707.485588758313
3272.0 8705.395356581996
3280.0 8703.225265593042
3288.0 8700.976352470123
3296.0 8698.64966291189
3304.0 8696.246251391187
3312.0 8693.767180908415
3320.0 8691.213522744052
3328.0 8688.586356210346
3336.0 8685.886768402212
3344.0 8683.115853947413
3352.0 8680.274714755995
3360.0 8677.364459769055
3368.0 8674.38620470686
3376.0 8671.34107181631
3384.0 8668.230189617901
3392.0 8665.054692652027
3400.0 8661.815721224844
3408.0 8658.51442115362
3416.0 8655.151943511612
3424.0 8651.72944437257
3432.0 8648.248084554793
3440.0 8644.709029364856
3448.0 8641.113448341068
3456.0 8637.462514996529
3464.0 8633.757406562016
3472.0 8629.999303728619
3480.0 8626.189390390182
3488.0 8622.328853385587
3496.0 8618.418882240912
3504.0 8614.460668911497
3512.0 8610.455407523958
3520.0 8606.404294118152
3528.0 8602.30852638916
3536.0 8598.169303429324
3544.0 8593.987825470314
3552.0 8589.765293625356
3560.0 8585.502909631523
3568.0 8581.201875592273
3576.0 8576.863393720138
3584.0 8572.48866607965
3592.0 8568.078894330569
3600.0 8563.635279471373
3608.0 8559.15902158311
3616.0 8554.651319573573
3624.0 8550.113370921961
3632.0 8545.54637142386
3640.0 8540.95151493677
3648.0 8536.329993126104
3656.0 8531.682995211708
3664.0 8527.011707714953
3672.0 8522.317314206422
3680.0 8517.600995054236
3688.0 8512.863927173019
3696.0 8508.10728377356
3704.0 8503.332234113244
3712.0 8498.539943247177
3720.0 8493.73157178015
3728.0 8488.908275619406
3736.0 8484.071205728296
3744.0 8479.221507880775
3752.0 8474.360322416875
3760.0 8469.488783999092
3768.0 8464.608021369793
3776.0 8459.719157109626
3784.0 8454.823307397002
3792.0 8449.921581768638
3800.0 8445.015082881258
3808.0 8440.10490627441
3816.0 8435.192140134493
3824.0 8430.277865059998
3832.0 8425.363153828006
3840.0 8420.449071161944
3848.0 8415.536673500696
3856.0 8410.627008769043
3864.0 8405.721116149494
3872.0 8400.820025855508
3880.0 8395.924758906218
3888.0 8391.03632690258
3896.0 8386.15573180507
3904.0 8381.283965712915
3912.0 8376.42201064492
3920.0 8371.570838321863
3928.0 8366.731409950624
3936.0 8361.904676009866
3944.0 8357.091576037565
3952.0 8352.29303842017
3960.0 8347.509980183606
3968.0 8342.74330678607
3976.0 8337.99391191265
3984.0 8333.262677271861
3992.0 8328.550472394043
4000.0 8323.858154431711
4008.0 8319.18656796193
4016.0 8314.536544790612
4024.0 8309.908903758916
4032.0 8305.304450551708
4040.0 8300.723977508082
4048.0 8296.168263434092
4056.0 8291.638073417591
4064.0 8287.134158645316
4072.0 8282.657256222177
4080.0 8278.208088992844
4088.0 8273.787365365595
4096.0 8269.39577913857
4104.0 8265.03400932829
4112.0 8260.702720000694
4120.0 8256.402560104494
4128.0 8252.134163307084
4136.0 8247.898147832906
4144.0 8243.695116304345
4152.0 8239.525655585207
4160.0 8235.390336626784
4168.0 8231.289714316552
4176.0 8227.22432732953
4184.0 8223.194697982333
4192.0 8219.201332089935
4200.0 8215.244718825237
4208.0 8211.325330581416
4216.0 8207.443622837045
4224.0 8203.600034024152
4232.0 8199.794985399123
4240.0 8196.02888091654
4248.0 8192.30210710599
4256.0 8188.615032951839
4264.0 8184.968009776052
4272.0 8181.361371124064
4280.0 8177.795432653747
4288.0 8174.270492027467
4296.0 8170.786828807332
4304.0 8167.3447043536125
4312.0 8163.94436172639
4320.0 8160.586025590439
4328.0 8157.269902123421
4336.0 8153.996178927378
4344.0 8150.76502494359
4352.0 8147.5765903708025
4360.0 8144.431006586883
4368.0 8141.328386073931
4376.0 8138.26882234686
4384.0 8135.252389885497
4392.0 8132.279144070232
4400.0 8129.349121121257
4408.0 8126.462338041397
4416.0 8123.618792562614
4424.0 8120.818463096184
4432.0 8118.061308686562
4440.0 8115.347268969029
4448.0 8112.676264131096
4456.0 8110.048194877709
4464.0 8107.462942400332
4472.0 8104.920368349871
4480.0 8102.420314813526
4488.0 8099.962604295586
4496.0 8097.547039702176
4504.0 8095.173404330063
4512.0 8092.841461859426
4520.0 8090.550956350787
4528.0 8088.301612245964
4536.0 8086.093134373229
4544.0 8083.925207956598
4552.0 8081.79749862935
4560.0 8079.709652451763
4568.0 8077.661295933118
4576.0 8075.652036058051
4584.0 8073.681460317174
4592.0 8071.749136742114
4600.0 8069.854613944933
4608.0 8067.997421161993
4616.0 8066.177068302258
4624.0 8064.393046000154
4632.0 8062.644825672891
4640.0 8060.931859582426
4648.0 8059.253580901945
4656.0 8057.609403787033
4664.0 8055.998723451494
4672.0 8054.4209162478655
4680.0 8052.875339752637
4688.0 8051.361332856292
4696.0 8049.878215858072
4704.0 8048.425290565633
4712.0 8047.001840399513
4720.0 8045.607130502524
4728.0 8044.240407854062
4736.0 8042.9009013893565
4744.0 8041.5878221237635
4752.0 8040.300363282015
4760.0 8039.03770043257
4768.0 8037.798991627071
4776.0 8036.583377544863
4784.0 8035.389981642721
4792.0 8034.217910309751
4800.0 8033.066253027512
4808.0 8031.934082535387
4816.0 8030.8204550012415
4824.0 8029.724410197424
4832.0 8028.644971682076
4840.0 8027.58114698588
4848.0 8026.53192780418
4856.0 8025.496290194572
4864.0 8024.473194779998
4872.0 8023.461586957321
4880.0 8022.460397111463
4888.0 8021.468540835147
4896.0 8020.484919154217
4904.0 8019.508418758644
4912.0 8018.537912239167
4920.0 8017.572258329714
4928.0 8016.610302155487
4936.0 8015.650875486902
4944.0 8014.692796999296
4952.0 8013.734872538477
4960.0 8012.775895392211
4968.0 8011.814646567519
4976.0 8010.849895074018
4984.0 8009.88039821316
4992.0 8008.904901873539
5000.0 8007.922140832199
5008.0 8006.930839062035
5016.0 8005.929710045295
5024.0 8004.917457093242
5032.0 8003.892773671947
5040.0 8002.854343734331
5048.0 8001.800842058413
5056.0 8000.730934591857
5064.0 7999.6432788028105
5072.0 7998.536524037074
5080.0 7997.409311881625
5088.0 7996.260276534621
5096.0 7995.08804518173
5104.0 7993.891238378993
5112.0 7992.668470442205
5120.0 7991.4183498427565
5128.0 7990.1394796101295
5136.0 7988.830457740922
5144.0 7987.489877614537
5152.0 7986.116328415536
5160.0 7984.708395562704
5168.0 7983.264661144787
5176.0 7981.783704363082
5184.0 7980.264101980727
5192.0 7978.704428778902
5200.0 7977.103258019857
5208.0 7975.459161916817
5216.0 7973.7707121108515
5224.0 7972.0364801546775
5232.0 7970.255038003455
5240.0 7968.424958512649
5248.0 7966.544815942891
5256.0 7964.61318647196
5264.0 7962.628648713909
5272.0 7960.5897842453205
5280.0 7958.4951781387535
5288.0 7956.343419503402
5296.0 7954.133102033093
5304.0 7951.862824561401
5312.0 7949.531191624289
5320.0 7947.136814029951
5328.0 7944.67830943611
5336.0 7942.1543029347185
5344.0 7939.5634276440915
5352.0 7936.904325308589
5360.0 7934.175646905732
5368.0 7931.3760532609385
5376.0 7928.5042156698055
5384.0 7925.5588165280105
5392.0 7922.538549968888
5400.0 7919.442122508645
5408.0 7916.268253699343
5416.0 7913.015676789576
5424.0 7909.683139392981
5432.0 7906.269404164502
5440.0 7902.773249484561
5448.0 7899.193470151071
5456.0 7895.52887807935
5464.0 7891.778303010047
5472.0 7887.9405932249365
5480.0 7884.014616270836
5488.0 7879.99925969149
5496.0 7875.893431767555
5504.0 7871.696062264688
5512.0 7867.406103189808
5520.0 7863.022529555482
5528.0 7858.544340152532
5536.0 7853.970558330921
5544.0 7849.300232788856
5552.0 7844.532438370231
5560.0 7839.666276870394
5568.0 7834.700877850305
5576.0 7829.635399459066
5584.0 7824.469029264919
5592.0 7819.200985094686
5600.0 7813.830515881729
5608.0 7808.3569025224515
5616.0 7802.77945874133
5624.0 7797.097531964608
5632.0 7791.3105042025745
5640.0 7785.4177929405005
5648.0 7779.418852038348
5656.0 7773.313172639099
5664.0 7767.100284085958
5672.0 7760.779754848294
5680.0 7754.351193456408
5688.0 7747.814249445183
5696.0 7741.168614306652
5704.0 7734.414022451432
5712.0 7727.550252179188
5720.0 7720.577126658023
5728.0 7713.494514912988
5736.0 7706.302332823538
5744.0 7699.000544130174
5752.0 7691.589161450167
5760.0 7684.068247302447
5768.0 7676.437915141683
5776.0 7668.698330401607
5784.0 7660.849711547549
5792.0 7652.892331138311
5800.0 7644.826516897339
5808.0 7636.652652793252
5816.0 7628.371180129753
5824.0 7619.982598644985
5832.0 7611.487467620313
5840.0 7602.886406998602
5848.0 7594.180098512031
5856.0 7585.36928681943
5864.0 7576.454780653219
5872.0 7567.43745397597
5880.0 7558.318247146608
5888.0 7549.098168096286
5896.0 7539.778293514016
5904.0 7530.359770041998
5912.0 7520.843815480772
5920.0 7511.231720004153
5928.0 7501.524847384036
5936.0 7491.72463622509
5944.0 7481.832601209302
5952.0 7471.850334350564
5960.0 7461.779506259162
5968.0 7451.621867416306
5976.0 7441.379249458686
5984.0 7431.053566473174
5992.0 7420.646816301496
6000.0 7410.161081855213
6008.0 7399.59853244073
6016.0 7388.961425094647
6024.0 7378.252105929217
6032.0 7367.4730114881995
6040.0 7356.626670112937
6048.0 7345.715703318786
6056.0 7334.742827181989
6064.0 7323.710853736827
6072.0 7312.622692383346
6080.0 7301.481351305437
6088.0 7290.289938899494
6096.0 7279.0516652135875
6104.0 7267.769843397205
6112.0 7256.447891161575
6120.0 7245.089332250658
6128.0 7233.697797922799
6136.0 7222.277028443059
6144.0 7210.830874586284
6152.0 7199.363299150982
6160.0 7187.878378483936
6168.0 7176.380304015707
6176.0 7164.873383806919
6184.0 7153.362044105562
6192.0 7141.850830915117
6200.0 7130.344411573686
6208.0 7118.847576344147
6216.0 7107.365240015271
6224.0 7095.902443513968
6232.0 7084.4643555285575
6240.0 7073.056274143252
6248.0 7061.683628483705
6256.0 7050.351980373823
6264.0 7039.067026003792
6272.0 7027.834597609336
6280.0 7016.660665162237
6288.0 7005.55133807229
6296.0 6994.51286690053
6304.0 6983.5516450838095
6312.0 6972.674210670904
6320.0 6961.887248070037
6328.0 6951.197589807815
6336.0 6940.612218299786
6344.0 6930.138267632485
6352.0 6919.783025357166
6360.0 6909.553934294932
6368.0 6899.458594353813
6376.0 6889.504764357308
6384.0 6879.700363884696
6392.0 6870.053475123159
6400.0 6860.572344731597
6408.0 6851.265385716386
6416.0 6842.141179318818
6424.0 6833.208476914555
6432.0 6824.476201924953
6440.0 6815.953451740306
6448.0 6807.649499655128
6456.0 6799.573796815391
6464.0 6791.735974177852
6472.0 6784.145844481424
6480.0 6776.8134042306765
6488.0 6769.748835691491
6496.0 6762.962508898856
6504.0 6756.464983676909
6512.0 6750.267011671192
6520.0 6744.379538393249
6528.0 6738.813705277403
6536.0 6733.58085174999
6544.0 6728.692517310927
6552.0 6724.1604436276975
6560.0 6719.996576641712
6568.0 6716.213068687248
6576.0 6712.822280622844
6584.0 6709.836783975164
6592.0 6707.269363095558
6600.0 6705.133017329123
6608.0 6703.440963196464
6616.0 6702.20663658811
6624.0 6701.44369497158
6632.0 6701.166019611256
6640.0 6701.387717800986
6648.0 6702.1231251094905
6656.0 6703.386807638609
6664.0 6705.193564294401
6672.0 6707.558429071152
6680.0 6710.496673348335
6688.0 6714.023808200472
6696.0 6718.155586720045
6704.0 6722.908006353463
6712.0 6728.297311249995
6720.0 6734.339994623883
6728.0 6741.0528011295755
6736.0 6748.452729250065
6744.0 6756.557033698486
6752.0 6765.383227832883
6760.0 6774.949086084302
6768.0 6785.272646398093
6776.0 6796.37221268863
6784.0 6808.2663573073005
6792.0 6820.973923523945
6800.0 6834.514028021699
6808.0 6848.906063405296
6816.0 6864.169700722834
6824.0 6880.3248920011265
6832.0 6897.391872794529
6840.0 6915.391164747413
