0.0 6625.02734375
8.0 6603.790836516022
16.0 6583.052396191285
24.0 6562.80735911434
32.0 6543.051084957535
40.0 6523.778956674978
48.0 6504.9863804505085
56.0 6486.668785645654
64.0 6468.821624747601
72.0 6451.440373317151
80.0 6434.520529936698
88.0 6418.057616158179
96.0 6402.047176451058
104.0 6386.484778150261
112.0 6371.366011404174
120.0 6356.686489122583
128.0 6342.441846924649
136.0 6328.627743086876
144.0 6315.239858491061
152.0 6302.273896572279
160.0 6289.7255832668325
168.0 6277.590666960222
176.0 6265.864918435104
184.0 6254.544130819273
192.0 6243.624119533605
200.0 6233.10072224003
208.0 6222.969798789509
216.0 6213.227231169976
224.0 6203.868923454321
232.0 6194.890801748352
240.0 6186.288814138742
248.0 6178.058930641022
256.0 6170.1971431475295
264.0 6162.699465375367
272.0 6155.561932814379
280.0 6148.780602675111
288.0 6142.351553836785
296.0 6136.270886795238
304.0 6130.534723610918
312.0 6125.139207856819
320.0 6120.08050456648
328.0 6115.354800181917
336.0 6110.958302501604
344.0 6106.887240628427
352.0 6103.137864917674
360.0 6099.706446924973
368.0 6096.589279354257
376.0 6093.782676005747
384.0 6091.282971723908
392.0 6089.086522345416
400.0 6087.189704647103
408.0 6085.58891629395
416.0 6084.280575787047
424.0 6083.26112241153
432.0 6082.52701618458
440.0 6082.074737803381
448.0 6081.900788593062
456.0 6082.001690454679
464.0 6082.373985813197
472.0 6083.0142375653995
480.0 6083.9190290279275
488.0 6085.084963885177
496.0 6086.508666137308
504.0 6088.186780048192
512.0 6090.115970093373
520.0 6092.2929209080385
528.0 6094.714337234989
536.0 6097.376943872593
544.0 6100.277485622753
552.0 6103.41272723888
560.0 6106.779453373834
568.0 6110.374468527933
576.0 6114.194596996861
584.0 6118.2366828196855
592.0 6122.497589726783
600.0 6126.974201087826
608.0 6131.663419859742
616.0 6136.56216853468
624.0 6141.667389087953
632.0 6146.976042926042
640.0 6152.485110834542
648.0 6158.19159292611
656.0 6164.092508588455
664.0 6170.184896432286
672.0 6176.465814239298
680.0 6182.9323389101055
688.0 6189.581566412227
696.0 6196.410611728053
704.0 6203.416608802799
712.0 6210.59671049248
720.0 6217.948088511863
728.0 6225.467933382437
736.0 6233.153454380395
744.0 6241.00187948457
752.0 6249.010455324419
760.0 6257.176447127967
768.0 6265.497138669816
776.0 6273.969832219048
784.0 6282.591848487252
792.0 6291.360526576427
800.0 6300.273223927
808.0 6309.32731626577
816.0 6318.520197553848
824.0 6327.849279934673
832.0 6337.311993681937
840.0 6346.9057871475525
848.0 6356.62812670964
856.0 6366.4764967204765
864.0 6376.448399454452
872.0 6386.541355056063
880.0 6396.752901487835
888.0 6407.080594478331
896.0 6417.52200747009
904.0 6428.074731567589
912.0 6438.736375485232
920.0 6449.504565495292
928.0 6460.376945375875
936.0 6471.351176358899
944.0 6482.424937078062
952.0 6493.595923516779
960.0 6504.861848956178
968.0 6516.2204439230445
976.0 6527.669456137795
984.0 6539.206650462438
992.0 6550.829808848542
1000.0 6562.536730285199
1008.0 6574.325230746981
1016.0 6586.193143141927
1024.0 6598.13831725948
1032.0 6610.158619718468
1040.0 6622.251933915067
1048.0 6634.416159970764
1056.0 6646.649214680319
1064.0 6658.9490314597415
1072.0 6671.313560294223
1080.0 6683.740767686151
1088.0 6696.228636603038
1096.0 6708.775166425481
1104.0 6721.378372895165
1112.0 6734.0362880627845
1120.0 6746.746960236042
1128.0 6759.508453927582
1136.0 6772.318849802982
1144.0 6785.1762446287
1152.0 6798.078751220054
1160.0 6811.024498389173
1168.0 6824.011630892965
1176.0 6837.0383093810815
1184.0 6850.102710343895
1192.0 6863.203026060447
1200.0 6876.337464546413
1208.0 6889.504249502088
1216.0 6902.701620260318
1224.0 6915.927831734494
1232.0 6929.1811543665035
1240.0 6942.45987407469
1248.0 6955.762292201839
1256.0 6969.086725463118
1264.0 6982.431505894051
1272.0 6995.794980798484
1280.0 7009.175512696562
1288.0 7022.571479272661
1296.0 7035.981273323389
1304.0 7049.403302705523
1312.0 7062.835990283995
1320.0 7076.277773879838
1328.0 7089.727106218167
1336.0 7103.1824548761315
1344.0 7116.6423022308845
1352.0 7130.105145407551
1360.0 7143.5694962271855
1368.0 7157.033881154743
1376.0 7170.49684124704
1384.0 7183.9569321007175
1392.0 7197.412723800213
1400.0 7210.862800865718
1408.0 7224.305762201145
1416.0 7237.740221042095
1424.0 7251.164804903817
1432.0 7264.578155529171
1440.0 7277.9789288366055
1448.0 7291.365794868111
1456.0 7304.737437737183
1464.0 7318.092555576794
1472.0 7331.4298604873575
1480.0 7344.748078484682
1488.0 7358.045949447953
1496.0 7371.322227067684
1504.0 7384.57567879369
1512.0 7397.80508578304
1520.0 7411.009242848035
1528.0 7424.186958404168
1536.0 7437.337054418084
1544.0 7450.458366355554
1552.0 7463.5497431294325
1560.0 7476.610047047617
1568.0 7489.6381537610305
1576.0 7502.632952211568
1584.0 7515.593344580069
1592.0 7528.51824623429
1600.0 7541.406585676849
1608.0 7554.257304493204
1616.0 7567.069357299627
1624.0 7579.841711691144
1632.0 7592.5733481895195
1640.0 7605.2632601912155
1648.0 7617.910453915346
1656.0 7630.513948351665
1664.0 7643.072775208511
1672.0 7655.585978860775
1680.0 7668.05261629787
1688.0 7680.471757071696
1696.0 7692.842483244599
1704.0 7705.163889337344
1712.0 7717.435082277063
1720.0 7729.655181345251
1728.0 7741.82331812569
1736.0 7753.938636452453
1744.0 7766.000292357838
1752.0 7778.007454020343
1760.0 7789.959301712655
1768.0 7801.855027749565
1776.0 7813.693836435969
1784.0 7825.474944014834
1792.0 7837.197578615141
1800.0 7848.860980199868
1808.0 7860.4644005139435
1816.0 7872.007103032214
1824.0 7883.488362907416
1832.0 7894.90746691813
1840.0 7906.263713416753
1848.0 7917.556412277461
1856.0 7928.784884844166
1864.0 7939.9484638785
1872.0 7951.046493507751
1880.0 7962.078329172854
1888.0 7973.043337576352
1896.0 7983.940896630338
1904.0 7994.770395404445
1912.0 8005.5312340738055
1920.0 8016.222823867003
1928.0 8026.844587014053
1936.0 8037.395956694354
1944.0 8047.876376984668
1952.0 8058.285302807071
1960.0 8068.622199876912
1968.0 8078.886544650812
1976.0 8089.077824274584
1984.0 8099.195536531226
1992.0 8109.239189788884
2000.0 8119.208302948799
2008.0 8129.102405393289
2016.0 8138.921036933718
2024.0 8148.663747758432
2032.0 8158.330098380758
2040.0 8167.919659586951
2048.0 8177.432012384151
2056.0 8186.866747948374
2064.0 8196.223467572443
2072.0 8205.501782613983
2080.0 8214.701314443368
2088.0 8223.821694391687
2096.0 8232.86256369872
2104.0 8241.823573460888
2112.0 8250.704384579221
2120.0 8259.504667707342
2128.0 8268.224103199396
2136.0 8276.86238105805
2144.0 8285.419200882434
2152.0 8293.89427181612
2160.0 8302.287312495064
2168.0 8310.598050995608
2176.0 8318.826224782415
2184.0 8326.971580656436
2192.0 8335.033874702893
2200.0 8343.012872239227
2208.0 8350.908347763063
2216.0 8358.72008490018
2224.0 8366.447876352486
2232.0 8374.09152384596
2240.0 8381.650838078624
2248.0 8389.125638668535
2256.0 8396.51575410169
2264.0 8403.82102168006
2272.0 8411.041287469512
2280.0 8418.176406247772
2288.0 8425.226241452418
2296.0 8432.190665128814
2304.0 8439.069557878092
2312.0 8445.862808805132
2320.0 8452.570315466473
2328.0 8459.191983818342
2336.0 8465.727728164575
2344.0 8472.177471104596
2352.0 8478.541143481392
2360.0 8484.818684329459
2368.0 8491.01004082277
2376.0 8497.115168222756
2384.0 8503.134029826251
2392.0 8509.066596913468
2400.0 8514.912848695965
2408.0 8520.672772264596
2416.0 8526.346362537495
2424.0 8531.933622208013
2432.0 8537.434561692724
2440.0 8542.849199079355
2448.0 8548.177560074753
2456.0 8553.419677952874
2464.0 8558.575593502723
2472.0 8563.645354976325
2480.0 8568.629018036701
2488.0 8573.526645705813
2496.0 8578.338308312557
2504.0 8583.064083440693
2512.0 8587.70405587683
2520.0 8592.258317558397
2528.0 8596.726967521592
2536.0 8601.110111849355
2544.0 8605.407863619319
2552.0 8609.62034285181
2560.0 8613.74767645777
2568.0 8617.789998186743
2576.0 8621.747448574843
2584.0 8625.620174892696
2592.0 8629.408331093447
2600.0 8633.112077760668
2608.0 8636.73158205638
2616.0 8640.267017668973
2624.0 8643.718564761197
2632.0 8647.086409918113
2640.0 8650.370746095066
2648.0 8653.571772565649
2656.0 8656.689694869665
2664.0 8659.724724761076
2672.0 8662.67708015601
2680.0 8665.546985080675
2688.0 8668.334669619366
2696.0 8671.040369862403
2704.0 8673.664327854098
2712.0 8676.206791540737
2720.0 8678.668014718536
2728.0 8681.048256981587
2736.0 8683.347783669853
2744.0 8685.56686581711
2752.0 8687.705780098928
2760.0 8689.764808780625
2768.0 8691.744239665233
2776.0 8693.644366041459
2784.0 8695.465486631665
2792.0 8697.20790553982
2800.0 8698.871932199463
2808.0 8700.457881321678
2816.0 8701.96607284304
2824.0 8703.396831873613
2832.0 8704.750488644871
2840.0 8706.027378457706
2848.0 8707.227841630362
2856.0 8708.352223446404
2864.0 8709.400874102703
2872.0 8710.37414865737
2880.0 8711.272406977756
2888.0 8712.09601368839
2896.0 8712.845338118934
2904.0 8713.520754252191
2912.0 8714.122640672029
2920.0 8714.651380511366
2928.0 8715.107361400123
2936.0 8715.490975413206
2944.0 8715.802619018443
2952.0 8716.042693024583
2960.0 8716.211602529225
2968.0 8716.309756866814
2976.0 8716.337569556586
2984.0 8716.29545825054
2992.0 8716.183844681402
3000.0 8716.003154610586
3008.0 8715.753817776165
3016.0 8715.436267840832
3024.0 8715.050942339862
3032.0 8714.59828262909
3040.0 8714.078733832846
3048.0 8713.492744791956
3056.0 8712.84076801169
3064.0 8712.123259609712
3072.0 8711.340679264078
3080.0 8710.493490161165
3088.0 8709.582158943656
3096.0 8708.607155658512
3104.0 8707.568953704915
3112.0 8706.468029782247
3120.0 8705.304863838053
3128.0 8704.079939015995
3136.0 8702.793741603842
3144.0 8701.446760981404
3152.0 8700.039489568511
3160.0 8698.572422772988
3168.0 8697.0460589386
3176.0 8695.460899293032
3184.0 8693.817447895839
3192.0 8692.116211586428
3200.0 8690.35769993201
3208.0 8688.542425175572
3216.0 8686.670902183829
3224.0 8684.743648395206
3232.0 8682.761183767798
3240.0 8680.724030727324
3248.0 8678.632714115094
3256.0 8676.487761135993
3264.0 8674.289701306423
3272.0 8672.039066402274
3280.0 8669.736390406895
3288.0 8667.382209459054
3296.0 8664.977061800897
3304.0 8662.521487725926
3312.0 8660.016029526958
3320.0 8657.461231444076
3328.0 8654.857639612614
3336.0 8652.205802011116
3344.0 8649.506268409292
3352.0 8646.759590315995
3360.0 8643.966320927171
3368.0 8641.127015073842
3376.0 8638.242229170046
3384.0 8635.312521160833
3392.0 8632.3384504702
3400.0 8629.320577949082
3408.0 8626.259465823287
3416.0 8623.155677641495
3424.0 8620.009778223184
3432.0 8616.822333606637
3440.0 8613.593910996866
3448.0 8610.325078713617
3456.0 8607.016406139286
3464.0 8603.66846366694
3472.0 8600.28182264823
3480.0 8596.857055341388
3488.0 8593.394734859181
3496.0 8589.895435116881
3504.0 8586.359730780217
3512.0 8582.78819721336
3520.0 8579.181410426861
3528.0 8575.539947025642
3536.0 8571.864384156943
3544.0 8568.155299458296
3552.0 8564.413271005487
3560.0 8560.638877260513
3568.0 8556.832697019565
3576.0 8552.995309360975
3584.0 8549.127293593187
3592.0 8545.229229202721
3600.0 8541.301695802145
3608.0 8537.345273078023
3616.0 8533.360540738902
3624.0 8529.348078463256
3632.0 8525.308465847456
3640.0 8521.24228235375
3648.0 8517.150107258205
3656.0 8513.032519598688
3664.0 8508.89009812282
3672.0 8504.72342123595
3680.0 8500.533066949118
3688.0 8496.319612827006
3696.0 8492.08363593592
3704.0 8487.825712791755
3712.0 8483.546419307937
3720.0 8479.246330743425
3728.0 8474.926021650635
3736.0 8470.586065823427
3744.0 8466.227036245078
3752.0 8461.849505036229
3760.0 8457.454043402853
3768.0 8453.04122158422
3776.0 8448.611608800878
3784.0 8444.165773202587
3792.0 8439.704281816317
3800.0 8435.227700494177
3808.0 8430.736593861424
3816.0 8426.231525264377
3824.0 8421.713056718425
3832.0 8417.181748855965
3840.0 8412.638160874385
3848.0 8408.082850484008
3856.0 8403.516373856079
3864.0 8398.939285570701
3872.0 8394.352138564838
3880.0 8389.755484080259
3888.0 8385.149871611477
3896.0 8380.535848853771
3904.0 8375.913961651093
3912.0 8371.284753944079
3920.0 8366.648767717985
3928.0 8362.006542950656
3936.0 8357.358617560501
3944.0 8352.705527354447
3952.0 8348.047805975915
3960.0 8343.38598485277
3968.0 8338.720593145297
3976.0 8334.052157694161
3984.0 8329.38120296838
3992.0 8324.70825101327
4000.0 8320.03382139843
4008.0 8315.358431165694
4016.0 8310.682594777109
4024.0 8306.00682406288
4032.0 8301.331628169359
4040.0 8296.657513506989
4048.0 8291.984983698267
4056.0 8287.314539525736
4064.0 8282.646678879919
4072.0 8277.9818967073
4080.0 8273.320684958291
4088.0 8268.663532535178
4096.0 8264.010925240103
4104.0 8259.363345723033
4112.0 8254.721273429703
4120.0 8250.085184549605
4128.0 8245.455551963927
4136.0 8240.832845193541
4144.0 8236.217530346954
4152.0 8231.61007006829
4160.0 8227.010923485215
4168.0 8222.420546156955
4176.0 8217.839390022222
4184.0 8213.267903347187
4192.0 8208.706530673458
4200.0 8204.15571276603
4208.0 8199.615886561252
4216.0 8195.0874851148
4224.0 8190.570937549625
4232.0 8186.066669003951
4240.0 8181.575100579186
4248.0 8177.09664928795
4256.0 8172.6317280019875
4264.0 8168.180745400152
4272.0 8163.744105916387
4280.0 8159.322209687655
4288.0 8154.915452501937
4296.0 8150.524225746174
4304.0 8146.14891635424
4312.0 8141.789906754914
4320.0 8137.447574819825
4328.0 8133.122293811442
4336.0 8128.814432331016
4344.0 8124.524354266556
4352.0 8120.252418740789
4360.0 8115.998980059137
4368.0 8111.764387657663
4376.0 8107.548986051048
4384.0 8103.353114780558
4392.0 8099.177108361981
4400.0 8095.021296233651
4408.0 8090.886002704339
4416.0 8086.771546901282
4424.0 8082.6782427181015
4432.0 8078.606398762789
4440.0 8074.5563183056765
4448.0 8070.528299227388
4456.0 8066.522633966807
4464.0 8062.53960946905
4472.0 8058.579507133414
4480.0 8054.642602761358
4488.0 8050.729166504468
4496.0 8046.839462812396
4504.0 8042.973750380866
4512.0 8039.1322820995965
4520.0 8035.315305000294
4528.0 8031.523060204616
4536.0 8027.75578287211
4544.0 8024.013702148214
4552.0 8020.297041112192
4560.0 8016.606016725116
4568.0 8012.940839777826
4576.0 8009.301714838891
4584.0 8005.688840202567
4592.0 8002.1024078367955
4600.0 7998.542603331115
4608.0 7995.0096058446725
4616.0 7991.503588054171
4624.0 7988.024716101814
4632.0 7984.573149543321
4640.0 7981.149041295823
4648.0 7977.752537585895
4656.0 7974.383777897476
4664.0 7971.042894919854
4672.0 7967.730014495615
4680.0 7964.445255568635
4688.0 7961.188730132001
4696.0 7957.960543176035
4704.0 7954.76079263619
4712.0 7951.589569341075
4720.0 7948.4469569603925
4728.0 7945.333031952889
4736.0 7942.2478635143525
4744.0 7939.191513525556
4752.0 7936.164036500224
4760.0 7933.165479533004
4768.0 7930.195882247423
4776.0 7927.255276743857
4784.0 7924.3436875475045
4792.0 7921.461131556324
4800.0 7918.607617989033
4808.0 7915.783148333052
4816.0 7912.987716292465
4824.0 7910.221307735999
4832.0 7907.483900644986
4840.0 7904.775465061315
4848.0 7902.095963035415
4856.0 7899.445348574194
4864.0 7896.82356758904
4872.0 7894.230557843759
4880.0 7891.666248902538
4888.0 7889.130562077924
4896.0 7886.623410378779
4904.0 7884.144698458255
4912.0 7881.69432256175
4920.0 7879.2721704748665
4928.0 7876.878121471393
4936.0 7874.5120462612595
4944.0 7872.173806938493
4952.0 7869.863256929205
4960.0 7867.580240939535
4968.0 7865.3245949036245
4976.0 7863.0961459315795
4984.0 7860.894712257435
4992.0 7858.720103187129
5000.0 7856.572119046448
5008.0 7854.450551129006
5016.0 7852.355181644208
5024.0 7850.285783665209
5032.0 7848.2421210768825
5040.0 7846.223948523791
5048.0 7844.231011358129
5056.0 7842.263045587724
5064.0 7840.319777823964
5072.0 7838.400925229779
5080.0 7836.506195467617
5088.0 7834.635286647384
5096.0 7832.787887274429
5104.0 7830.963676197496
5112.0 7829.162322556698
5120.0 7827.383485731473
5128.0 7825.626815288558
5136.0 7823.891950929943
5144.0 7822.178522440847
5152.0 7820.4861496376725
5160.0 7818.814442315978
5168.0 7817.163000198438
5176.0 7815.531412882809
5184.0 7813.919259789894
5192.0 7812.326110111508
5200.0 7810.751522758443
5208.0 7809.195046308428
5216.0 7807.656218954099
5224.0 7806.13456845097
5232.0 7804.629612065376
5240.0 7803.140856522457
5248.0 7801.667797954127
5256.0 7800.209921847016
5264.0 7798.766702990452
5272.0 7797.3376054244145
5280.0 7795.9220823875185
5288.0 7794.519576264959
5296.0 7793.129518536483
5304.0 7791.751329724359
5312.0 7790.384419341334
5320.0 7789.028185838592
5328.0 7787.682016553746
5336.0 7786.345287658769
5344.0 7785.017364107987
5352.0 7783.69759958602
5360.0 7782.385336455762
5368.0 7781.079905706337
5376.0 7779.780626901077
5384.0 7778.4868081254735
5392.0 7777.197745935137
5400.0 7775.912725303791
5408.0 7774.631019571191
5416.0 7773.35189039114
5424.0 7772.074587679411
5432.0 7770.798349561733
5440.0 7769.52240232175
5448.0 7768.245960348998
5456.0 7766.9682260868385
5464.0 7765.688389980464
5472.0 7764.405630424822
5480.0 7763.119113712621
5488.0 7761.827993982255
5496.0 7760.531413165794
5504.0 7759.228500936952
5512.0 7757.918374659021
5520.0 7756.600139332874
5528.0 7755.272887544898
5536.0 7753.93569941498
5544.0 7752.58764254447
5552.0 7751.227771964126
5560.0 7749.855130082096
5568.0 7748.468746631882
5576.0 7747.067638620312
5584.0 7745.65081027547
5592.0 7744.217252994711
5600.0 7742.765945292576
5608.0 7741.295852748805
5616.0 7739.805927956255
5624.0 7738.295110468891
5632.0 7736.762326749763
5640.0 7735.206490118929
5648.0 7733.626500701475
5656.0 7732.021245375422
5664.0 7730.389597719726
5672.0 7728.730417962245
5680.0 7727.042552927678
5688.0 7725.324835985556
5696.0 7723.576086998199
5704.0 7721.795112268664
5712.0 7719.980704488726
5720.0 7718.131642686853
5728.0 7716.246692176142
5736.0 7714.324604502315
5744.0 7712.364117391651
5752.0 7710.363954698973
5760.0 7708.322826355614
5768.0 7706.23942831737
5776.0 7704.112442512469
5784.0 7701.940536789534
5792.0 7699.722364865553
5800.0 7697.456566273842
5808.0 7695.141766312009
5816.0 7692.776575989908
5824.0 7690.359591977629
5832.0 7687.8893965534335
5840.0 7685.364557551744
5848.0 7682.783628311081
5856.0 7680.145147622068
5864.0 7677.447639675353
5872.0 7674.689614009596
5880.0 7671.869565459442
5888.0 7668.98597410346
5896.0 7666.03730521213
5904.0 7663.022009195791
5912.0 7659.938521552624
5920.0 7656.785262816603
5928.0 7653.560638505456
5936.0 7650.263039068648
5944.0 7646.890839835336
5952.0 7643.442400962313
5960.0 7639.916067382013
5968.0 7636.310168750444
5976.0 7632.623019395171
5984.0 7628.85291826326
5992.0 7624.998148869272
6000.0 7621.056979243196
6008.0 7617.027661878446
6016.0 7612.90843367979
6024.0 7608.697515911348
6032.0 7604.393114144526
6040.0 7599.993418206026
6048.0 7595.496602125746
6056.0 7590.900824084803
6064.0 7586.204226363465
6072.0 7581.4049352891325
6080.0 7576.501061184288
6088.0 7571.490698314481
6096.0 7566.371924836265
6104.0 7561.142802745186
6112.0 7555.801377823741
6120.0 7550.345679589338
6128.0 7544.773721242261
6136.0 7539.083499613633
6144.0 7533.272995113393
6152.0 7527.340171678253
6160.0 7521.282976719653
6168.0 7515.099341071744
6176.0 7508.787178939328
6184.0 7502.344387845861
6192.0 7495.768848581376
6200.0 7489.058425150468
6208.0 7482.210964720265
6216.0 7475.224297568381
6224.0 7468.096237030881
6232.0 7460.824579450251
6240.0 7453.407104123362
6248.0 7445.841573249434
6256.0 7438.125731877993
6264.0 7430.257307856851
6272.0 7422.2340117800595
6280.0 7414.053536935871
6288.0 7405.713559254722
6296.0 7397.211737257169
6304.0 7388.545712001887
6312.0 7379.713107033602
6320.0 7370.7115283310795
6328.0 7361.538564255073
6336.0 7352.191785496304
6344.0 7342.668745023409
6352.0 7332.966978030923
6360.0 7323.084001887224
6368.0 7313.01731608252
6376.0 7302.764402176791
6384.0 7292.3227237477695
6392.0 7281.6897263389055
6400.0 7270.862837407314
6408.0 7259.839466271763
6416.0 7248.617004060621
6424.0 7237.192823659829
6432.0 7225.564279660864
6440.0 7213.728708308703
6448.0 7201.683427449789
6456.0 7189.4257364799905
6464.0 7176.952916292576
6472.0 7164.2622292261685
6480.0 7151.35091901272
6488.0 7138.216210725466
