0.0 6625.02734375
8.0 6624.7590564873835
16.0 6624.491345579234
24.0 6624.224787380019
32.0 6623.959958244205
40.0 6623.69743452626
48.0 6623.43779258065
56.0 6623.181608761844
64.0 6622.929459424307
72.0 6622.681920922507
80.0 6622.439569610911
88.0 6622.202981843987
96.0 6621.972733976202
104.0 6621.749402362022
112.0 6621.533563355913
120.0 6621.325793312347
128.0 6621.126668585786
136.0 6620.9367655307005
144.0 6620.756660501555
152.0 6620.586929852818
160.0 6620.428149938957
168.0 6620.2808971144395
176.0 6620.145747733731
184.0 6620.0232781513
192.0 6619.914064721613
200.0 6619.818683799136
208.0 6619.7377117383385
216.0 6619.671724893686
224.0 6619.621299619646
232.0 6619.5870122706865
240.0 6619.569439201273
248.0 6619.569156765874
256.0 6619.586741318957
264.0 6619.622769214988
272.0 6619.677816808434
280.0 6619.752460453762
288.0 6619.84727650544
296.0 6619.962841317936
304.0 6620.099731245716
312.0 6620.258522643246
320.0 6620.439791864995
328.0 6620.644115265428
336.0 6620.872069199015
344.0 6621.124230020221
352.0 6621.401174083514
360.0 6621.703477743361
368.0 6622.031717354229
376.0 6622.386469270585
384.0 6622.768309846897
392.0 6623.177815437631
400.0 6623.6155623972545
408.0 6624.082127080234
416.0 6624.578085841039
424.0 6625.104015034134
432.0 6625.660491013988
440.0 6626.248090135066
448.0 6626.867388751838
456.0 6627.518963218768
464.0 6628.2033898903255
472.0 6628.921245120977
480.0 6629.673105265189
488.0 6630.45954667743
496.0 6631.281145712164
504.0 6632.138478723862
512.0 6633.032122066989
520.0 6633.962652096014
528.0 6634.930645165402
536.0 6635.93667762962
544.0 6636.981325843137
552.0 6638.065166160419
560.0 6639.188774935933
568.0 6640.352728524146
576.0 6641.557603279527
584.0 6642.80397555654
592.0 6644.092421709654
600.0 6645.423518093337
608.0 6646.797841062055
616.0 6648.215966970276
624.0 6649.678472172464
632.0 6651.185933023091
640.0 6652.738925876621
648.0 6654.338027087521
656.0 6655.98381301026
664.0 6657.676859999303
672.0 6659.417744409118
680.0 6661.207042594173
688.0 6663.045330908934
696.0 6664.93318570787
704.0 6666.871183345445
712.0 6668.859900176129
720.0 6670.899912554387
728.0 6672.991796834688
736.0 6675.136129371498
744.0 6677.333486519285
752.0 6679.584444632514
760.0 6681.889580065655
768.0 6684.249469173174
776.0 6686.664688309537
784.0 6689.135813829213
792.0 6691.663422086667
800.0 6694.248089436368
808.0 6696.890392232783
816.0 6699.590906830378
824.0 6702.350209583621
832.0 6705.1688768469785
840.0 6708.047484974918
848.0 6710.986610321907
856.0 6713.986829242413
864.0 6717.048718090901
872.0 6720.172853221841
880.0 6723.359810989698
888.0 6726.61016774894
896.0 6729.9244998540335
904.0 6733.303383659446
912.0 6736.747395519646
920.0 6740.257111789098
928.0 6743.83310882227
936.0 6747.475962973632
944.0 6751.186250597647
952.0 6754.964548048784
960.0 6758.811431681511
968.0 6762.727477850293
976.0 6766.7132629095995
984.0 6770.769276123178
992.0 6774.895431556307
1000.0 6779.09141001401
1008.0 6783.35689163541
1016.0 6787.691556559627
1024.0 6792.095084925784
1032.0 6796.567156873004
1040.0 6801.107452540406
1048.0 6805.715652067111
1056.0 6810.3914355922425
1064.0 6815.134483254922
1072.0 6819.94447519427
1080.0 6824.821091549409
1088.0 6829.764012459459
1096.0 6834.772918063544
1104.0 6839.8474885007845
1112.0 6844.9874039103015
1120.0 6850.192344431215
1128.0 6855.461990202651
1136.0 6860.796021363728
1144.0 6866.194118053567
1152.0 6871.655960411291
1160.0 6877.181228576021
1168.0 6882.76960268688
1176.0 6888.420762882987
1184.0 6894.1343893034655
1192.0 6899.910162087436
1200.0 6905.74776137402
1208.0 6911.646867302341
1216.0 6917.607160011518
1224.0 6923.628319640674
1232.0 6929.710026328931
1240.0 6935.851960215408
1248.0 6942.0538014392305
1256.0 6948.315230139517
1264.0 6954.635926455389
1272.0 6961.01557052597
1280.0 6967.45384249038
1288.0 6973.950422487742
1296.0 6980.504990657176
1304.0 6987.1172271378055
1312.0 6993.786812068749
1320.0 7000.513425589132
1328.0 7007.2967478380715
1336.0 7014.136458954694
1344.0 7021.032239078117
1352.0 7027.983768347463
1360.0 7034.990726901856
1368.0 7042.052794880415
1376.0 7049.1696524222625
1384.0 7056.340979666519
1392.0 7063.566456752307
1400.0 7070.84576381875
1408.0 7078.178581004966
1416.0 7085.564588450078
1424.0 7093.003466293208
1432.0 7100.494894673478
1440.0 7108.038553730007
1448.0 7115.634123601919
1456.0 7123.281284428335
1464.0 7130.979716348377
1472.0 7138.729099501165
1480.0 7146.529114025823
1488.0 7154.379440061471
1496.0 7162.279757747231
1504.0 7170.229747222223
1512.0 7178.22908862557
1520.0 7186.277462096394
1528.0 7194.374547773816
1536.0 7202.520025796956
1544.0 7210.713576304939
1552.0 7218.954879436885
1560.0 7227.243615331914
1568.0 7235.579464129149
1576.0 7243.962105967711
1584.0 7252.391220986722
1592.0 7260.8664893253035
1600.0 7269.387591122578
1608.0 7277.954206517665
1616.0 7286.566015649686
1624.0 7295.222698657766
1632.0 7303.923935681023
1640.0 7312.66940685858
1648.0 7321.4587923295585
1656.0 7330.29177223308
1664.0 7339.168026708266
1672.0 7348.087235894238
1680.0 7357.049079930117
1688.0 7366.053238955026
1696.0 7375.099393108086
1704.0 7384.187222528418
1712.0 7393.3164073551425
1720.0 7402.486627727385
1728.0 7411.6975637842625
1736.0 7420.948895664898
1744.0 7430.240303508415
1752.0 7439.571467453934
1760.0 7448.942067640575
1768.0 7458.351784207462
1776.0 7467.800297293714
1784.0 7477.287287038454
1792.0 7486.812433580805
1800.0 7496.375417059886
1808.0 7505.975917614819
1816.0 7515.613615384727
1824.0 7525.288190508731
1832.0 7534.9993231259505
1840.0 7544.74669337551
1848.0 7554.52998139653
1856.0 7564.348867328133
1864.0 7574.2030313094365
1872.0 7584.092153479567
1880.0 7594.015913977645
1888.0 7603.97399294279
1896.0 7613.966070514125
1904.0 7623.99182683077
1912.0 7634.05094203185
1920.0 7644.143096256484
1928.0 7654.267969643793
1936.0 7664.4252423329
1944.0 7674.614594462927
1952.0 7684.835706172993
1960.0 7695.088197239067
1968.0 7705.3709962252615
1976.0 7715.682590692837
1984.0 7726.021461071807
1992.0 7736.3860877921825
2000.0 7746.774951283976
2008.0 7757.186531977203
2016.0 7767.619310301873
2024.0 7778.071766688001
2032.0 7788.542381565596
2040.0 7799.029635364675
2048.0 7809.532008515249
2056.0 7820.04798144733
2064.0 7830.576034590931
2072.0 7841.114648376065
2080.0 7851.662303232745
2088.0 7862.217479590983
2096.0 7872.778657880792
2104.0 7883.344318532184
2112.0 7893.9129419751725
2120.0 7904.483008639769
2128.0 7915.052998955988
2136.0 7925.62139335384
2144.0 7936.1866722633395
2152.0 7946.747316114499
2160.0 7957.301805337329
2168.0 7967.848620361845
2176.0 7978.386241618058
2184.0 7988.913149535982
2192.0 7999.427824545626
2200.0 8009.928747077008
2208.0 8020.414397560137
2216.0 8030.883256425027
2224.0 8041.3338041016905
2232.0 8051.76452102014
2240.0 8062.173887610387
2248.0 8072.560384302446
2256.0 8082.92249152633
2264.0 8093.258689712049
2272.0 8103.567459289619
2280.0 8113.84728068905
2288.0 8124.096634340357
2296.0 8134.314000673548
2304.0 8144.497860118643
2312.0 8154.646693105648
2320.0 8164.75898006458
2328.0 8174.833201425447
2336.0 8184.867837618269
2344.0 8194.86136907305
2352.0 8204.812276219807
2360.0 8214.719039488555
2368.0 8224.580139309304
2376.0 8234.394056112065
2384.0 8244.159270326854
2392.0 8253.874262383682
2400.0 8263.537512712564
2408.0 8273.147501743508
2416.0 8282.702709906527
2424.0 8292.20161763164
2432.0 8301.642705348853
2440.0 8311.024453488184
2448.0 8320.345342479639
2456.0 8329.603852753236
2464.0 8338.798464738986
2472.0 8347.927658866904
2480.0 8356.989915566997
2488.0 8365.983715269283
2496.0 8374.907538403771
2504.0 8383.75986540048
2512.0 8392.539176689414
2520.0 8401.24395270059
2528.0 8409.87267386402
2536.0 8418.42382060972
2544.0 8426.895873367697
2552.0 8435.287312567967
2560.0 8443.59661864054
2568.0 8451.822272015435
2576.0 8459.96275312266
2584.0 8468.016542392223
2592.0 8475.982120254146
2600.0 8483.857967138436
2608.0 8491.642563475109
2616.0 8499.334389694173
2624.0 8506.931926225643
2632.0 8514.433653499533
2640.0 8521.838051945857
2648.0 8529.143601994623
2656.0 8536.348784075844
2664.0 8543.452078619537
2672.0 8550.45196605571
2680.0 8557.346926814382
2688.0 8564.13544132556
2696.0 8570.815990019255
2704.0 8577.387053325485
2712.0 8583.847111674264
2720.0 8590.194645495598
2728.0 8596.428135219501
2736.0 8602.546061275989
2744.0 8608.546904095076
2752.0 8614.429144106769
2760.0 8620.191261741084
2768.0 8625.831737428032
2776.0 8631.34905159763
2784.0 8636.741684679886
2792.0 8642.008117104811
2800.0 8647.146829302426
2808.0 8652.156301702737
2816.0 8657.035014735757
2824.0 8661.781448831498
2832.0 8666.394084419977
2840.0 8670.871401931203
2848.0 8675.21188179519
2856.0 8679.414004441951
2864.0 8683.476250301497
2872.0 8687.397099803842
2880.0 8691.175033378999
2888.0 8694.808531456982
2896.0 8698.296074467797
2904.0 8701.636142841466
2912.0 8704.827217007994
2920.0 8707.867777397398
2928.0 8710.756304439688
2936.0 8713.491345807632
2944.0 8716.072951278886
2952.0 8718.502648433534
2960.0 8720.782027233534
2968.0 8722.912677640834
2976.0 8724.896189617391
2984.0 8726.734153125151
2992.0 8728.428158126073
3000.0 8729.979794582103
3008.0 8731.390652455193
3016.0 8732.662321707301
3024.0 8733.79639230037
3032.0 8734.794454196359
3040.0 8735.658097357218
3048.0 8736.388911744898
3056.0 8736.988487321352
3064.0 8737.458414048533
3072.0 8737.800281888389
3080.0 8738.015680802877
3088.0 8738.106200753942
3096.0 8738.073431703544
3104.0 8737.918963613633
3112.0 8737.644386446154
3120.0 8737.251290163067
3128.0 8736.741264726319
3136.0 8736.115900097868
3144.0 8735.376786239656
3152.0 8734.525513113647
3160.0 8733.563670681782
3168.0 8732.492848906022
3176.0 8731.314637748312
3184.0 8730.030627170609
3192.0 8728.642407134861
3200.0 8727.151567603021
3208.0 8725.559698537043
3216.0 8723.868389898877
3224.0 8722.079231650476
3232.0 8720.193813753789
3240.0 8718.213726170774
3248.0 8716.140558863375
3256.0 8713.975901793552
3264.0 8711.721344923251
3272.0 8709.378478214427
3280.0 8706.948891629032
3288.0 8704.434175129014
3296.0 8701.835918676332
3304.0 8699.15571223293
3312.0 8696.395145760767
3320.0 8693.555809221789
3328.0 8690.639292577953
3336.0 8687.647185791207
3344.0 8684.581078823505
3352.0 8681.442561636799
3360.0 8678.233224193042
3368.0 8674.95465645418
3376.0 8671.608448382174
3384.0 8668.19618993897
3392.0 8664.719471086519
3400.0 8661.179881786778
3408.0 8657.579012001695
3416.0 8653.918451693224
3424.0 8650.199790823313
3432.0 8646.42461935392
3440.0 8642.594527246994
3448.0 8638.711104464488
3456.0 8634.77594096835
3464.0 8630.790626720536
3472.0 8626.756751682999
3480.0 8622.675905817685
3488.0 8618.549679086553
3496.0 8614.379661451549
3504.0 8610.167442874626
3512.0 8605.91461331774
3520.0 8601.622762742842
3528.0 8597.293481111878
3536.0 8592.928358386807
3544.0 8588.528984529577
3552.0 8584.096949502145
3560.0 8579.633843266454
3568.0 8575.141255784465
3576.0 8570.620777018124
3584.0 8566.073996929386
3592.0 8561.5025054802
3600.0 8556.907892632522
3608.0 8552.291748348303
3616.0 8547.65566258949
3624.0 8543.001225318041
3632.0 8538.330026495905
3640.0 8533.643656085036
3648.0 8528.943704047382
3656.0 8524.2317603449
3664.0 8519.509414939537
3672.0 8514.77825779325
3680.0 8510.039878867987
3688.0 8505.295868125702
3696.0 8500.547815528347
3704.0 8495.79731103787
3712.0 8491.04594461623
3720.0 8486.295306225371
3728.0 8481.546985827252
3736.0 8476.802573383819
3744.0 8472.06365885703
3752.0 8467.331832208833
3760.0 8462.60868340118
3768.0 8457.895802396026
3776.0 8453.194779155318
3784.0 8448.507203641011
3792.0 8443.834665815059
3800.0 8439.178755639408
3808.0 8434.541063076014
3816.0 8429.92317808683
3824.0 8425.326690633807
3832.0 8420.753190678895
3840.0 8416.204268184047
3848.0 8411.681513111216
3856.0 8407.186515422354
3864.0 8402.720865079411
3872.0 8398.28615204434
3880.0 8393.883966279092
3888.0 8389.515897745621
3896.0 8385.183536405877
3904.0 8380.888472221815
3912.0 8376.632281627291
3920.0 8372.415776038495
3928.0 8368.23860717705
3936.0 8364.100329993318
3944.0 8360.000499437667
3952.0 8355.938670460457
3960.0 8351.914398012055
3968.0 8347.927237042824
3976.0 8343.97674250313
3984.0 8340.062469343331
3992.0 8336.1839725138
4000.0 8332.340806964892
4008.0 8328.532527646978
4016.0 8324.758689510418
4024.0 8321.01884750558
4032.0 8317.312556582825
4040.0 8313.63937169252
4048.0 8309.998847785022
4056.0 8306.390539810705
4064.0 8302.814002719926
4072.0 8299.268791463053
4080.0 8295.754460990445
4088.0 8292.270566252475
4096.0 8288.816662199499
4104.0 8285.392303781884
4112.0 8281.997045949995
4120.0 8278.630443654194
4128.0 8275.292051844845
4136.0 8271.981425472317
4144.0 8268.698119486968
4152.0 8265.441688839166
4160.0 8262.21168847927
4168.0 8259.007673357653
4176.0 8255.82919842467
4184.0 8252.675818630692
4192.0 8249.547088926078
4200.0 8246.442564261195
4208.0 8243.361799586404
4216.0 8240.304349852076
4224.0 8237.269770008566
4232.0 8234.257615006245
4240.0 8231.267439795474
4248.0 8228.29879932662
4256.0 8225.351248550045
4264.0 8222.42434241611
4272.0 8219.517635875183
4280.0 8216.630683877629
4288.0 8213.763041373808
4296.0 8210.91426331409
4304.0 8208.083904648833
4312.0 8205.271520328404
4320.0 8202.476665303167
4328.0 8199.698894523486
4336.0 8196.937762939728
4344.0 8194.19282550225
4352.0 8191.463637161422
4360.0 8188.749752867605
4368.0 8186.050727571167
4376.0 8183.366116222468
4384.0 8180.695473771875
4392.0 8178.03835516975
4400.0 8175.394315366457
4408.0 8172.762909312363
4416.0 8170.143691957829
4424.0 8167.536218253221
4432.0 8164.940043148902
4440.0 8162.354721595237
4448.0 8159.779808542588
4456.0 8157.214858941323
4464.0 8154.659427741803
4472.0 8152.113069894392
4480.0 8149.5753403494555
4488.0 8147.045794057358
4496.0 8144.5239859684625
4504.0 8142.009471033132
4512.0 8139.501804201734
4520.0 8137.000540424629
4528.0 8134.505234652183
4536.0 8132.015441834761
4544.0 8129.530716922726
4552.0 8127.050614866441
4560.0 8124.574690616272
4568.0 8122.10249912258
4576.0 8119.633595335735
4584.0 8117.167534206095
4592.0 8114.703870684028
4600.0 8112.242159719895
4608.0 8109.7819562640625
4616.0 8107.322815266894
4624.0 8104.864291678755
4632.0 8102.405940450007
4640.0 8099.947316531015
4648.0 8097.487974872143
4656.0 8095.027470423756
4664.0 8092.565358136218
4672.0 8090.101192959892
4680.0 8087.634529845143
4688.0 8085.164923742334
4696.0 8082.691929601832
4704.0 8080.215102373998
4712.0 8077.733997009198
4720.0 8075.248168457794
4728.0 8072.757171670153
4736.0 8070.260561596636
4744.0 8067.75789318761
4752.0 8065.248721393437
4760.0 8062.732601164483
4768.0 8060.20908745111
4776.0 8057.677735203683
4784.0 8055.138099372567
4792.0 8052.589734908124
4800.0 8050.0321967607215
4808.0 8047.46503988072
4816.0 8044.887819218486
4824.0 8042.300089724382
4832.0 8039.701406348773
4840.0 8037.091324042023
4848.0 8034.469397754498
4856.0 8031.835182436557
4864.0 8029.18823303857
4872.0 8026.528104510897
4880.0 8023.854351803903
4888.0 8021.166530254185
4896.0 8018.464307078094
4904.0 8015.747615754404
4912.0 8013.016428518162
4920.0 8010.2707176044105
4928.0 8007.510455248199
4936.0 8004.735613684568
4944.0 8001.946165148565
4952.0 7999.142081875236
4960.0 7996.323336099622
4968.0 7993.489900056773
4976.0 7990.64174598173
4984.0 7987.7788461095415
4992.0 7984.901172675251
5000.0 7982.008697913902
5008.0 7979.101394060542
5016.0 7976.179233350217
5024.0 7973.24218801797
5032.0 7970.290230298844
5040.0 7967.323332427889
5048.0 7964.341466640147
5056.0 7961.344605170664
5064.0 7958.332720254484
5072.0 7955.3057841266545
5080.0 7952.263769022217
5088.0 7949.206647176221
5096.0 7946.134390823708
5104.0 7943.046972199725
5112.0 7939.944363539316
5120.0 7936.826537077526
5128.0 7933.693465049402
5136.0 7930.545119689987
5144.0 7927.381473234327
5152.0 7924.202497917467
5160.0 7921.008165974452
5168.0 7917.798449640326
5176.0 7914.5733211501365
5184.0 7911.332752738928
5192.0 7908.076716641744
5200.0 7904.805185093631
5208.0 7901.518130329632
5216.0 7898.215524584795
5224.0 7894.897340094163
5232.0 7891.5635490927825
5240.0 7888.214123815698
5248.0 7884.849036497955
5256.0 7881.468259374598
5264.0 7878.071764680671
5272.0 7874.659524651222
5280.0 7871.231511521293
5288.0 7867.787697525931
5296.0 7864.328054900181
5304.0 7860.852555879087
5312.0 7857.361172697695
5320.0 7853.853877591051
5328.0 7850.330642794199
5336.0 7846.7914405421825
5344.0 7843.23624307005
5352.0 7839.665022612843
5360.0 7836.077751405609
5368.0 7832.474401683393
5376.0 7828.85494568124
5384.0 7825.219355634193
5392.0 7821.5676037773
5400.0 7817.899662345604
5408.0 7814.215503574152
5416.0 7810.515099697988
5424.0 7806.798422952155
5432.0 7803.065445571702
5440.0 7799.316139791672
5448.0 7795.550477847111
5456.0 7791.768431973063
5464.0 7787.969974404575
5472.0 7784.1550773766885
5480.0 7780.323713124451
5488.0 7776.475853882908
5496.0 7772.611471887104
5504.0 7768.730539372085
5512.0 7764.833028572893
5520.0 7760.918911724578
5528.0 7756.988161062181
5536.0 7753.0407488207475
5544.0 7749.076647235324
5552.0 7745.095828540956
5560.0 7741.098264972687
5568.0 7737.0839287655635
5576.0 7733.052792154629
5584.0 7729.004827374931
5592.0 7724.940006661512
5600.0 7720.858302249418
5608.0 7716.759686373694
5616.0 7712.644131269386
5624.0 7708.511609171538
5632.0 7704.362092315196
5640.0 7700.195552935405
5648.0 7696.01196326721
5656.0 7691.8112955456545
5664.0 7687.593522005787
5672.0 7683.358614882649
5680.0 7679.106546411288
5688.0 7674.837288826746
5696.0 7670.550814364073
5704.0 7666.24709525831
5712.0 7661.926103744504
5720.0 7657.5878120577
5728.0 7653.232192432942
5736.0 7648.859217105276
5744.0 7644.468858309747
5752.0 7640.0610882814
5760.0 7635.63587925528
5768.0 7631.193203466431
5776.0 7626.7330331499015
5784.0 7622.255340540733
5792.0 7617.760097873972
5800.0 7613.247277384665
5808.0 7608.716851307854
5816.0 7604.168791878586
5824.0 7599.603071331906
5832.0 7595.019661902858
5840.0 7590.4185358264895
5848.0 7585.799665337843
5856.0 7581.163022671966
5864.0 7576.508580063956
5872.0 7571.8363397973635
5880.0 7567.146419924735
5888.0 7562.438966375105
5896.0 7557.714125077517
5904.0 7552.972041961002
5912.0 7548.212862954601
5920.0 7543.4367339873515
5928.0 7538.6438009882895
5936.0 7533.834209886453
5944.0 7529.008106610881
5952.0 7524.165637090609
5960.0 7519.306947254676
5968.0 7514.432183032118
5976.0 7509.541490351974
5984.0 7504.63501514328
5992.0 7499.712903335074
6000.0 7494.775300856395
6008.0 7489.822353636278
6016.0 7484.854207603764
6024.0 7479.8710086878855
6032.0 7474.872902817685
6040.0 7469.860035922197
6048.0 7464.83255393046
6056.0 7459.790602771511
6064.0 7454.7343283743885
6072.0 7449.663876668127
6080.0 7444.579393581768
6088.0 7439.481025044347
6096.0 7434.368916984902
6104.0 7429.24321533247
6112.0 7424.104066016089
6120.0 7418.951614964796
6128.0 7413.78600810763
6136.0 7408.6073913736245
6144.0 7403.415910691822
6152.0 7398.211711991256
6160.0 7392.994941200967
6168.0 7387.76574424999
6176.0 7382.524267067366
6184.0 7377.270655582129
6192.0 7372.005055723317
6200.0 7366.727613419968
6208.0 7361.438474601121
6216.0 7356.137785195811
6224.0 7350.825691133077
6232.0 7345.5023383419575
6240.0 7340.167872751486
6248.0 7334.822440290706
6256.0 7329.46618688865
6264.0 7324.099258474357
6272.0 7318.721800976864
6280.0 7313.333960325211
6288.0 7307.9358824484325
6296.0 7302.527713275567
6304.0 7297.109598735652
6312.0 7291.6816847577265
6320.0 7286.244117270825
6328.0 7280.797042203989
6336.0 7275.340605486251
6344.0 7269.874953046652
6352.0 7264.400230814229
6360.0 7258.916584718019
6368.0 7253.424160687059
6376.0 7247.923104650388
6384.0 7242.413562537043
6392.0 7236.89568027606
6400.0 7231.369603796477
6408.0 7225.835479027334
6416.0 7220.293451897666
6424.0 7214.743668336511
6432.0 7209.186274272906
6440.0 7203.62141563589
6448.0 7198.0492383545
6456.0 7192.469888357771
6464.0 7186.883511574744
6472.0 7181.290253934456
6480.0 7175.690261365941
6488.0 7170.08367979824
6496.0 7164.470655160391
6504.0 7158.851333381429
6512.0 7153.225860390393
6520.0 7147.594382116319
6528.0 7141.957044488247
6536.0 7136.313993435212
6544.0 7130.665374886254
6552.0 7125.011334770407
6560.0 7119.352019016713
6568.0 7113.687573554204
6576.0 7108.018144311923
6584.0 7102.343877218903
6592.0 7096.664918204186
6600.0 7090.981413196805
6608.0 7085.2935081258
6616.0 7079.601348920208
6624.0 7073.905081509067
6632.0 7068.204851821413
6640.0 7062.500805786285
6648.0 7056.79308933272
6656.0 7051.0818483897565
6664.0 7045.36722888643
6672.0 7039.6493767517795
6680.0 7033.928437914841
6688.0 7028.204558304653
6696.0 7022.477883850254
6704.0 7016.748560480681
6712.0 7011.01673412497
6720.0 7005.282550712159
6728.0 6999.546156171286
6736.0 6993.807696431389
6744.0 6988.067317421505
6752.0 6982.325165070672
6760.0 6976.581385307926
6768.0 6970.836124062305
6776.0 6965.089527262849
6784.0 6959.341740838591
6792.0 6953.592910718572
6800.0 6947.843182831829
6808.0 6942.092703107398
6816.0 6936.341617474318
6824.0 6930.590071861625
6832.0 6924.838212198359
6840.0 6919.086184413555
