0.0 6625.02734375
8.0 6624.856145287716
16.0 6624.685567864379
24.0 6624.516232518932
32.0 6624.348760290324
40.0 6624.1837722175
48.0 6624.021889339404
56.0 6623.863732694983
64.0 6623.709923323185
72.0 6623.561082262952
80.0 6623.417830553234
88.0 6623.280789232974
96.0 6623.150579341118
104.0 6623.027821916614
112.0 6622.913137998406
120.0 6622.807148625439
128.0 6622.710474836662
136.0 6622.623737671018
144.0 6622.547558167455
152.0 6622.482557364917
160.0 6622.429356302351
168.0 6622.388576018702
176.0 6622.360837552918
184.0 6622.3467619439425
192.0 6622.346970230723
200.0 6622.3620834522035
208.0 6622.3927226473315
216.0 6622.439508855054
224.0 6622.503063114314
232.0 6622.584006464058
240.0 6622.682959943234
248.0 6622.800544590786
256.0 6622.937381445659
264.0 6623.094091546803
272.0 6623.271295933158
280.0 6623.469615643675
288.0 6623.689671717299
296.0 6623.932085192972
304.0 6624.197477109645
312.0 6624.48646850626
320.0 6624.799680421765
328.0 6625.137733895105
336.0 6625.501249965227
344.0 6625.890849671075
352.0 6626.307154051597
360.0 6626.750784145737
368.0 6627.222360992442
376.0 6627.722505630658
384.0 6628.25183909933
392.0 6628.810982437404
400.0 6629.400556683828
408.0 6630.021182877545
416.0 6630.673482057501
424.0 6631.358075262645
432.0 6632.075583531919
440.0 6632.826627904272
448.0 6633.611829418647
456.0 6634.431809113993
464.0 6635.287188029254
472.0 6636.178587203375
480.0 6637.1066276753045
488.0 6638.071930483987
496.0 6639.075116668368
504.0 6640.116807267393
512.0 6641.197623320009
520.0 6642.3181858651615
528.0 6643.479115941796
536.0 6644.681034588861
544.0 6645.924562845297
552.0 6647.210321750056
560.0 6648.538932342079
568.0 6649.911015660314
576.0 6651.327192743707
584.0 6652.788084631205
592.0 6654.294312361751
600.0 6655.846496974292
608.0 6657.445259507775
616.0 6659.091221001144
624.0 6660.785002493347
632.0 6662.527225023327
640.0 6664.318509630034
648.0 6666.159477352411
656.0 6668.050749229405
664.0 6669.99294629996
672.0 6671.986689603024
680.0 6674.032600177542
688.0 6676.131299062461
696.0 6678.283407296724
704.0 6680.48954591928
712.0 6682.7503359690745
720.0 6685.066398485052
728.0 6687.438354506158
736.0 6689.866825071341
744.0 6692.352431219543
752.0 6694.895793989714
760.0 6697.497534420798
768.0 6700.1582735517395
776.0 6702.878632421486
784.0 6705.659232068984
792.0 6708.500693533178
800.0 6711.403637853015
808.0 6714.36868606744
816.0 6717.396459215398
824.0 6720.4875783358375
832.0 6723.642664467702
840.0 6726.862338649939
848.0 6730.147221921494
856.0 6733.497935321312
864.0 6736.915099888339
872.0 6740.399336661522
880.0 6743.951266679806
888.0 6747.571510982138
896.0 6751.2606906074625
904.0 6755.019426594725
912.0 6758.848339982873
920.0 6762.748051810851
928.0 6766.719183117607
936.0 6770.762354942084
944.0 6774.8781883232305
952.0 6779.06730429999
960.0 6783.33032391131
968.0 6787.667868196136
976.0 6792.080558193414
984.0 6796.56901494209
992.0 6801.133859481109
1000.0 6805.775712849418
1008.0 6810.495196085962
1016.0 6815.292930229687
1024.0 6820.169536319539
1032.0 6825.125635394465
1040.0 6830.161848493409
1048.0 6835.278796655318
1056.0 6840.477100919137
1064.0 6845.7573823238135
1072.0 6851.120261908292
1080.0 6856.566360711519
1088.0 6862.09629977244
1096.0 6867.710700130002
1104.0 6873.410182823149
1112.0 6879.195368890827
1120.0 6885.066879371984
1128.0 6891.025335305564
1136.0 6897.071357730513
1144.0 6903.205567685779
1152.0 6909.428586210305
1160.0 6915.741034343039
1168.0 6922.143533122926
1176.0 6928.636703588911
1184.0 6935.221166779941
1192.0 6941.897543734962
1200.0 6948.666455492919
1208.0 6955.528523092759
1216.0 6962.484367573427
1224.0 6969.534609973869
1232.0 6976.679871333033
1240.0 6983.92077268986
1248.0 6991.2579350833
1256.0 6998.691979552299
1264.0 7006.2235271358
1272.0 7013.853198872751
1280.0 7021.581615802098
1288.0 7029.409398962785
1296.0 7037.3371693937615
1304.0 7045.3654023537265
1312.0 7053.493304966895
1320.0 7061.719431696992
1328.0 7070.042331622613
1336.0 7078.460553822358
1344.0 7086.972647374826
1352.0 7095.577161358615
1360.0 7104.2726448523235
1368.0 7113.057646934549
1376.0 7121.93071668389
1384.0 7130.890403178947
1392.0 7139.935255498319
1400.0 7149.063822720601
1408.0 7158.2746539243935
1416.0 7167.566298188294
1424.0 7176.937304590903
1432.0 7186.386222210818
1440.0 7195.911600126637
1448.0 7205.511987416959
1456.0 7215.18593316038
1464.0 7224.931986435504
1472.0 7234.748696320924
1480.0 7244.6346118952415
1488.0 7254.588282237054
1496.0 7264.60825642496
1504.0 7274.69308353756
1512.0 7284.841312653449
1520.0 7295.051492851226
1528.0 7305.322173209493
1536.0 7315.651902806845
1544.0 7326.039230721882
1552.0 7336.482706033201
1560.0 7346.980877819402
1568.0 7357.532295159084
1576.0 7368.135507130844
1584.0 7378.789062813281
1592.0 7389.491511284994
1600.0 7400.24140162458
1608.0 7411.03728291064
1616.0 7421.877704221771
1624.0 7432.76121463657
1632.0 7443.686363233638
1640.0 7454.6516990915725
1648.0 7465.655771288972
1656.0 7476.697128904434
1664.0 7487.774321016558
1672.0 7498.885896703943
1680.0 7510.030405045188
1688.0 7521.206395118889
1696.0 7532.412416003646
1704.0 7543.647016778057
1712.0 7554.908746520723
1720.0 7566.196154310239
1728.0 7577.507789225205
1736.0 7588.842200344218
1744.0 7600.197936745878
1752.0 7611.573547508786
1760.0 7622.967581711536
1768.0 7634.378588432727
1776.0 7645.80511675096
1784.0 7657.245715744833
1792.0 7668.698934492943
1800.0 7680.16332207389
1808.0 7691.637427566271
1816.0 7703.119800048685
1824.0 7714.608988599732
1832.0 7726.103542298008
1840.0 7737.602010222113
1848.0 7749.102941450645
1856.0 7760.604885062203
1864.0 7772.106390135385
1872.0 7783.606005748788
1880.0 7795.102280981015
1888.0 7806.59376491066
1896.0 7818.079006616324
1904.0 7829.556555176604
1912.0 7841.024959670099
1920.0 7852.482769175408
1928.0 7863.928532771129
1936.0 7875.360799535861
1944.0 7886.778118548201
1952.0 7898.1790388867485
1960.0 7909.562109630103
1968.0 7920.925879856862
1976.0 7932.268898645621
1984.0 7943.589715074984
1992.0 7954.886878223548
2000.0 7966.158937169909
2008.0 7977.404440992667
2016.0 7988.6219387704205
2024.0 7999.809979581768
2032.0 8010.967112505309
2040.0 8022.09188661964
2048.0 8033.182851003359
2056.0 8044.238554735069
2064.0 8055.257546893364
2072.0 8066.238376556843
2080.0 8077.179592804105
2088.0 8088.079744713749
2096.0 8098.937381364374
2104.0 8109.751051834579
2112.0 8120.519305202959
2120.0 8131.240690548116
2128.0 8141.9137569486475
2136.0 8152.537053483152
2144.0 8163.109129230227
2152.0 8173.62853326847
2160.0 8184.093814676484
2168.0 8194.503522532863
2176.0 8204.85620591621
2184.0 8215.150413905118
2192.0 8225.384695578188
2200.0 8235.55760001402
2208.0 8245.667676291212
2216.0 8255.713473488358
2224.0 8265.693540684064
2232.0 8275.606426956921
2240.0 8285.450681385535
2248.0 8295.2248530485
2256.0 8304.927491024413
2264.0 8314.557144391874
2272.0 8324.112362229484
2280.0 8333.59169361584
2288.0 8342.993687629538
2296.0 8352.31689334918
2304.0 8361.559859853362
2312.0 8370.721136220685
2320.0 8379.799271529746
2328.0 8388.792814859142
2336.0 8397.700315287473
2344.0 8406.520321893338
2352.0 8415.251383755336
2360.0 8423.892049952063
2368.0 8432.440869562119
2376.0 8440.896391664102
2384.0 8449.257165336612
2392.0 8457.521739658247
2400.0 8465.688663707602
2408.0 8473.756486563283
2416.0 8481.72375730388
2424.0 8489.589025007997
2432.0 8497.35083875423
2440.0 8505.007747621177
2448.0 8512.55830068744
2456.0 8520.001047031616
2464.0 8527.334535732301
2472.0 8534.557315868095
2480.0 8541.667936517599
2488.0 8548.664946759407
2496.0 8555.546895672122
2504.0 8562.312332334337
2512.0 8568.959805824656
2520.0 8575.487865221676
2528.0 8581.895059603992
2536.0 8588.179938050209
2544.0 8594.341049638919
2552.0 8600.376943448722
2560.0 8606.28616855822
2568.0 8612.067274046009
2576.0 8617.718808990685
2584.0 8623.23932247085
2592.0 8628.627363565101
2600.0 8633.88153129248
2608.0 8639.001571536055
2616.0 8643.98837606265
2624.0 8648.842886383476
2632.0 8653.566044009738
2640.0 8658.158790452639
2648.0 8662.622067223387
2656.0 8666.956815833186
2664.0 8671.163977793245
2672.0 8675.24449461477
2680.0 8679.199307808964
2688.0 8683.029358887034
2696.0 8686.735589360187
2704.0 8690.318940739628
2712.0 8693.780354536564
2720.0 8697.120772262202
2728.0 8700.341135427745
2736.0 8703.442385544402
2744.0 8706.425464123377
2752.0 8709.291312675876
2760.0 8712.040872713105
2768.0 8714.675085746274
2776.0 8717.194893286583
2784.0 8719.601236845238
2792.0 8721.895057933452
2800.0 8724.077298062426
2808.0 8726.148898743364
2816.0 8728.110801487477
2824.0 8729.963947805967
2832.0 8731.709279210041
2840.0 8733.347737210908
2848.0 8734.880263319772
2856.0 8736.307799047836
2864.0 8737.63128590631
2872.0 8738.851665406399
2880.0 8739.969879059308
2888.0 8740.986868376243
2896.0 8741.903574868411
2904.0 8742.720940047016
2912.0 8743.439905423269
2920.0 8744.06141250837
2928.0 8744.58640281353
2936.0 8745.015817849951
2944.0 8745.35059912884
2952.0 8745.591688161405
2960.0 8745.740026458849
2968.0 8745.79655553238
2976.0 8745.762216893207
2984.0 8745.637952052526
2992.0 8745.424702521554
3000.0 8745.123409811493
3008.0 8744.735015433547
3016.0 8744.260460898926
3024.0 8743.70068771883
3032.0 8743.05663740447
3040.0 8742.329251467052
3048.0 8741.519471417778
3056.0 8740.628238767858
3064.0 8739.6564950285
3072.0 8738.6051817109
3080.0 8737.475240326276
3088.0 8736.267612385827
3096.0 8734.983239400759
3104.0 8733.623062882281
3112.0 8732.188024341596
3120.0 8730.679065289914
3128.0 8729.097127238438
3136.0 8727.443151698375
3144.0 8725.71808018093
3152.0 8723.922854197306
3160.0 8722.058415258716
3168.0 8720.125704876364
3176.0 8718.125664561452
3184.0 8716.059235825192
3192.0 8713.927360178783
3200.0 8711.730979133436
3208.0 8709.471034200355
3216.0 8707.148466890749
3224.0 8704.764218715818
3232.0 8702.319231186773
3240.0 8699.814445814818
3248.0 8697.250804111161
3256.0 8694.629247587007
3264.0 8691.950717753562
3272.0 8689.21615612203
3280.0 8686.426504203619
3288.0 8683.582703509534
3296.0 8680.685695550983
3304.0 8677.736421839169
3312.0 8674.735823885301
3320.0 8671.68484320058
3328.0 8668.58442129622
3336.0 8665.43549968342
3344.0 8662.239019873392
3352.0 8658.995923377337
3360.0 8655.70715170646
3368.0 8652.37364637197
3376.0 8648.996348885077
3384.0 8645.57620075698
3392.0 8642.114143498888
3400.0 8638.611118622004
3408.0 8635.06806763754
3416.0 8631.485932056696
3424.0 8627.865653390683
3432.0 8624.208173150704
3440.0 8620.514432847964
3448.0 8616.785373993673
3456.0 8613.021938099033
3464.0 8609.225066675252
3472.0 8605.395701233536
3480.0 8601.534783285088
3488.0 8597.64325434112
3496.0 8593.722055912833
3504.0 8589.772129511433
3512.0 8585.794416648132
3520.0 8581.789858834129
3528.0 8577.759397580632
3536.0 8573.703974398848
3544.0 8569.624530799983
3552.0 8565.522008295242
3560.0 8561.397348395833
3568.0 8557.251492612959
3576.0 8553.085382457828
3584.0 8548.899959441645
3592.0 8544.696165075618
3600.0 8540.474940870952
3608.0 8536.23722833885
3616.0 8531.983968990524
3624.0 8527.716104337176
3632.0 8523.434575890013
3640.0 8519.140325160237
3648.0 8514.83429365906
3656.0 8510.517422897687
3664.0 8506.19065438732
3672.0 8501.85492963917
3680.0 8497.51119016444
3688.0 8493.160377474333
3696.0 8488.803433080062
3704.0 8484.44129849283
3712.0 8480.074915223842
3720.0 8475.705224784304
3728.0 8471.333168685422
3736.0 8466.959688438405
3744.0 8462.585725554454
3752.0 8458.21222154478
3760.0 8453.840117920585
3768.0 8449.470356193076
3776.0 8445.103877873462
3784.0 8440.741624472945
3792.0 8436.384537502732
3800.0 8432.033558474031
3808.0 8427.689628898046
3816.0 8423.353690285983
3824.0 8419.02668414905
3832.0 8414.709551998452
3840.0 8410.403235345393
3848.0 8406.10867570108
3856.0 8401.82681457672
3864.0 8397.55859348352
3872.0 8393.304953932684
3880.0 8389.066837435419
3888.0 8384.84518550293
3896.0 8380.640936715148
3904.0 8376.454676691164
3912.0 8372.286306472619
3920.0 8368.135648576508
3928.0 8364.002525519838
3936.0 8359.886759819605
3944.0 8355.78817399281
3952.0 8351.70659055646
3960.0 8347.641832027552
3968.0 8343.593720923087
3976.0 8339.562079760064
3984.0 8335.546731055489
3992.0 8331.547497326359
4000.0 8327.564201089677
4008.0 8323.596664862444
4016.0 8319.644711161662
4024.0 8315.708162504328
4032.0 8311.786841407447
4040.0 8307.880570388017
4048.0 8303.989171963041
4056.0 8300.112468649524
4064.0 8296.250282964458
4072.0 8292.402437424851
4080.0 8288.5687545477
4088.0 8284.749056850009
4096.0 8280.94316684878
4104.0 8277.15090706101
4112.0 8273.372100003702
4120.0 8269.606568193856
4128.0 8265.854134148476
4136.0 8262.114620384558
4144.0 8258.38784941911
4152.0 8254.673643769127
4160.0 8250.971825951614
4168.0 8247.28221848357
4176.0 8243.604643881994
4184.0 8239.938924663893
4192.0 8236.284883346261
4200.0 8232.642342446105
4208.0 8229.011124480421
4216.0 8225.391051966213
4224.0 8221.781947420483
4232.0 8218.183633360231
4240.0 8214.595932302456
4248.0 8211.018666764161
4256.0 8207.451659262348
4264.0 8203.894732314016
4272.0 8200.347708436166
4280.0 8196.8104101458
4288.0 8193.28265995992
4296.0 8189.764280395524
4304.0 8186.2550939696175
4312.0 8182.754923199197
4320.0 8179.263590601266
4328.0 8175.780918692825
4336.0 8172.306729990875
4344.0 8168.840847012417
4352.0 8165.383092274453
4360.0 8161.933288293982
4368.0 8158.491257588006
4376.0 8155.056822673528
4384.0 8151.629806067545
4392.0 8148.210030287063
4400.0 8144.797317849078
4408.0 8141.391491270595
4416.0 8137.992373068613
4424.0 8134.599785760133
4432.0 8131.213551862156
4440.0 8127.833493891686
4448.0 8124.45943436572
4456.0 8121.091195801261
4464.0 8117.728600715309
4472.0 8114.371471624866
4480.0 8111.019631046933
4488.0 8107.67290149851
4496.0 8104.3311054966
4504.0 8100.994065558203
4512.0 8097.661604200319
4520.0 8094.333543939952
4528.0 8091.009707294098
4536.0 8087.689916779762
4544.0 8084.373994913944
4552.0 8081.061764213646
4560.0 8077.753047195867
4568.0 8074.44766637761
4576.0 8071.145444275875
4584.0 8067.846203407664
4592.0 8064.549766289976
4600.0 8061.255955439814
4608.0 8057.964593374179
4616.0 8054.675502610069
4624.0 8051.3885056644895
4632.0 8048.103425054439
4640.0 8044.82008329692
4648.0 8041.53830290893
4656.0 8038.257906407475
4664.0 8034.9787163095525
4672.0 8031.700555132165
4680.0 8028.423245392313
4688.0 8025.146609606998
4696.0 8021.870470293221
4704.0 8018.594649967982
4712.0 8015.318971148283
4720.0 8012.043256351126
4728.0 8008.76732809351
4736.0 8005.491008892436
4744.0 8002.214121264908
4752.0 7998.936487727923
4760.0 7995.657930798487
4768.0 7992.378272993595
4776.0 7989.097336830253
4784.0 7985.81494482546
4792.0 7982.5309194962165
4800.0 7979.245083359524
4808.0 7975.957258932385
4816.0 7972.667268731799
4824.0 7969.374935274766
4832.0 7966.08008107829
4840.0 7962.782528659371
4848.0 7959.482100535009
4856.0 7956.178619222203
4864.0 7952.87190723796
4872.0 7949.5617870992755
4880.0 7946.248081323154
4888.0 7942.930612426595
4896.0 7939.609202926599
4904.0 7936.283675340168
4912.0 7932.953852184303
4920.0 7929.6195559760035
4928.0 7926.2806092322735
4936.0 7922.936834470112
4944.0 7919.588054206521
4952.0 7916.234090958499
4960.0 7912.874767243052
4968.0 7909.509905577175
4976.0 7906.139328477874
4984.0 7902.762858462148
4992.0 7899.380318046998
5000.0 7895.991529749425
5008.0 7892.596316086429
5016.0 7889.194499575014
5024.0 7885.78590273218
5032.0 7882.370348074926
5040.0 7878.947658120254
5048.0 7875.517655385167
5056.0 7872.080162386663
5064.0 7868.6350016417455
5072.0 7865.1819956674135
5080.0 7861.72096698067
5088.0 7858.2517380985155
5096.0 7854.774131537949
5104.0 7851.287969815974
5112.0 7847.793075449592
5120.0 7844.289270955801
5128.0 7840.776378851605
5136.0 7837.254221654003
5144.0 7833.722621879997
5152.0 7830.181402046589
5160.0 7826.630384670777
5168.0 7823.0693922695655
5176.0 7819.498247359954
5184.0 7815.916772458942
5192.0 7812.324790083534
5200.0 7808.722163386754
5208.0 7805.108917746355
5216.0 7801.485119016586
5224.0 7797.850833051697
5232.0 7794.206125705933
5240.0 7790.551062833547
5248.0 7786.885710288785
5256.0 7783.210133925896
5264.0 7779.5243995991295
5272.0 7775.828573162731
5280.0 7772.122720470955
5288.0 7768.406907378043
5296.0 7764.681199738248
5304.0 7760.94566340582
5312.0 7757.200364235002
5320.0 7753.445368080049
5328.0 7749.680740795204
5336.0 7745.906548234719
5344.0 7742.122856252842
5352.0 7738.329730703819
5360.0 7734.527237441903
5368.0 7730.71544232134
5376.0 7726.894411196378
5384.0 7723.064209921268
5392.0 7719.224904350257
5400.0 7715.376560337593
5408.0 7711.519243737526
5416.0 7707.653020404303
5424.0 7703.777956192173
5432.0 7699.894116955388
5440.0 7696.001568548192
5448.0 7692.100376824836
5456.0 7688.190607639566
5464.0 7684.272326846633
5472.0 7680.3456003002875
5480.0 7676.4104938547725
5488.0 7672.467073364341
5496.0 7668.515404683241
5504.0 7664.555553665719
5512.0 7660.587586166028
5520.0 7656.61156803841
5528.0 7652.62756513712
5536.0 7648.635643316402
5544.0 7644.635868430507
5552.0 7640.628306333683
5560.0 7636.6130228801785
5568.0 7632.590083924242
5576.0 7628.559555320123
5584.0 7624.521502922068
5592.0 7620.475992584328
5600.0 7616.423090161151
5608.0 7612.362861506785
5616.0 7608.295372475477
5624.0 7604.2206889214785
5632.0 7600.138876699037
5640.0 7596.050001662401
5648.0 7591.954129665819
5656.0 7587.851326563538
5664.0 7583.741658209811
5672.0 7579.625190458883
5680.0 7575.501989165003
5688.0 7571.37212018242
5696.0 7567.235649365382
5704.0 7563.092642568139
5712.0 7558.94316564494
5720.0 7554.787284450031
5728.0 7550.625064837663
5736.0 7546.456572662081
5744.0 7542.281873777539
5752.0 7538.101034038282
5760.0 7533.914119298558
5768.0 7529.721195412618
5776.0 7525.52232823471
5784.0 7521.317583619081
5792.0 7517.107027419982
5800.0 7512.890725491659
5808.0 7508.668743688363
5816.0 7504.441147864341
5824.0 7500.208003873841
5832.0 7495.969377571114
5840.0 7491.725334810407
5848.0 7487.475941445969
5856.0 7483.221263332049
5864.0 7478.961366322894
5872.0 7474.696316272753
5880.0 7470.426179035877
5888.0 7466.151020466511
5896.0 7461.870906418906
5904.0 7457.585902747312
5912.0 7453.296075305972
5920.0 7449.001489949142
5928.0 7444.702212531064
5936.0 7440.398308905989
5944.0 7436.089844928169
5952.0 7431.7768864518475
5960.0 7427.459499331275
5968.0 7423.1377494207
5976.0 7418.811702574371
5984.0 7414.481424646539
5992.0 7410.146981491449
6000.0 7405.80843896335
6008.0 7401.465862916494
6016.0 7397.119319205126
6024.0 7392.768873683496
6032.0 7388.414592205852
6040.0 7384.056540626444
6048.0 7379.694784799518
6056.0 7375.329390579327
6064.0 7370.960423820114
6072.0 7366.5879503761325
6080.0 7362.212036101627
6088.0 7357.832746850849
6096.0 7353.450148478047
6104.0 7349.0643068374675
6112.0 7344.675287783361
6120.0 7340.283157169975
6128.0 7335.8879808515585
6136.0 7331.489824682361
6144.0 7327.08875451663
6152.0 7322.684836208613
6160.0 7318.2781356125615
6168.0 7313.868718582721
6176.0 7309.456650973342
6184.0 7305.041998638674
6192.0 7300.624827432963
6200.0 7296.205203210459
6208.0 7291.7831918254105
6216.0 7287.358859132066
6224.0 7282.932270984676
6232.0 7278.503493237484
6240.0 7274.072591744743
6248.0 7269.6396323607005
6256.0 7265.204680939605
6264.0 7260.767803335706
6272.0 7256.32906540325
6280.0 7251.888532996487
6288.0 7247.446271969666
6296.0 7243.002348177034
6304.0 7238.55682747284
6312.0 7234.109775711335
6320.0 7229.661258746764
6328.0 7225.211342433379
6336.0 7220.760092625426
6344.0 7216.307575177153
6352.0 7211.8538559428125
6360.0 7207.39900077665
6368.0 7202.943075532914
6376.0 7198.486146065854
6384.0 7194.028278229719
6392.0 7189.569537878756
6400.0 7185.109990867217
6408.0 7180.649703049346
6416.0 7176.188740279395
6424.0 7171.72716841161
6432.0 7167.265053300242
6440.0 7162.8024607995385
6448.0 7158.339456763748
6456.0 7153.876107047119
6464.0 7149.4124775039
6472.0 7144.948633988341
6480.0 7140.484642354689
6488.0 7136.020568457193
